{"pos":[394.82193,240.074432,28.8304062],"rotationMatrix":[-0.932964265,0.359969109,0,-0.359969109,-0.932964265,0,0,0,1],"scale":1.37474334,"type":"eca_rock_big_narrow"}
{"pos":[397.138458,246.550964,29.1544304],"rotationMatrix":[0.862253428,-0.433549792,0.261826962,-0.432432413,-0.899316728,-0.0650512651,0.263668567,-0.0571318343,-0.962919593],"scale":1.4730233,"type":"eca_rock_big_narrow"}
{"pos":[398.339996,251.634552,29.0495987],"rotationMatrix":[-0.265947491,0.703981936,-0.658545554,-0.902621925,-0.421698064,-0.0862771124,-0.338444442,0.571472228,0.747578979],"scale":1.40606594,"type":"eca_rock_big_narrow"}
{"pos":[386.700775,305.880463,27.8347645],"rotationMatrix":[-0.242667079,0.922662199,-0.29967925,0.900411725,0.0992403179,-0.423569202,-0.361070931,-0.372620672,-0.854857683],"scale":1.26109934,"type":"eca_rock_big_narrow"}
{"pos":[365.778168,318.18277,26.1969814],"rotationMatrix":[-0.485370517,0.874239564,-0.0109539572,0.837588131,0.46854198,0.280917764,0.2507222,0.127174467,-0.959668756],"scale":1.36388826,"type":"eca_rock_big_narrow"}
{"pos":[362.001678,322.408966,24.7210941],"rotationMatrix":[0.771194816,0.579603612,0.263283372,-0.533935606,0.814126253,-0.228279591,-0.346657753,0.0354717001,0.937320709],"scale":1.61717534,"type":"eca_rock_big_narrow"}
{"pos":[389.8255,301.553223,26.7166862],"rotationMatrix":[-0.223832756,0.972839653,-0.0590108521,-0.779952586,-0.142487526,0.609402299,0.584442675,0.182429925,0.79066205],"scale":1.44591582,"type":"eca_rock_big_narrow"}
{"pos":[375.67276,322.287048,26.1321316],"rotationMatrix":[0.435851783,-0.89743793,-0.0681088865,0.838041723,0.432270974,-0.332909673,0.328206927,0.0880210847,0.940496027],"scale":1.5958873,"type":"eca_rock_big_narrow"}
{"pos":[367.728333,325.759186,25.7157917],"rotationMatrix":[-0.877104521,-0.480299383,0,-0.407021582,0.743287683,-0.530901492,0.25499171,-0.465656191,-0.847433269],"scale":1.41120899,"type":"eca_rock_big_narrow"}
{"pos":[405.062927,273.030701,26.2212982],"rotationMatrix":[0.282373995,-0.958674908,0.0347563848,0.900888324,0.252554923,-0.35301125,0.329645306,0.130992889,0.9349733],"scale":1.42054451,"type":"eca_rock_big_narrow"}
{"pos":[398.293915,276.445068,25.6019936],"rotationMatrix":[0.337084681,-0.941474319,0,0.937141538,0.335533381,0.0958295688,-0.0902210847,-0.0323026776,0.995397747],"scale":2.03724003,"type":"eca_rock_big_narrow"}
{"pos":[382.117767,311.83017,27.9604149],"rotationMatrix":[0.670340836,0.608825088,-0.424234122,-0.67110312,0.741355419,0.00350640831,0.31664294,0.282354414,0.90554595],"scale":1,"type":"eca_rock_big_narrow"}
{"pos":[372.310913,303.905731,24.0459728],"rotationMatrix":[0.387377203,0.816056907,0.428940445,-0.838095188,0.505562544,-0.204944029,-0.384102434,-0.280102462,0.879777193],"scale":1.48541999,"type":"eca_rock_big_narrow"}
{"pos":[385.634583,267.061279,23.8246384],"rotationMatrix":[0.734479785,0.670687497,-0.103524305,0.650685906,-0.652668118,0.388115168,0.192736983,-0.352424324,-0.915778995],"scale":1.29814696,"type":"eca_rock_big_narrow"}
{"pos":[386.510895,282.020325,23.6327953],"rotationMatrix":[-0.936201155,-0.19452408,-0.292726219,-0.213807613,0.976246774,0.0350614563,0.278952509,0.095411703,-0.955553532],"scale":1.41593325,"type":"eca_rock_big_narrow"}
{"pos":[401.002869,255.948792,27.9574528],"rotationMatrix":[-0.112238273,0.993681252,0,-0.761620998,-0.0860265717,0.642288208,0.638229728,0.0720893294,0.766463876],"scale":1.2410773,"type":"eca_rock_big_narrow"}
