{"pos":[400.847839,250.295853,28.5576916],"rotationMatrix":[0.561812997,-0.562306583,-0.606776536,0.697618306,0.716248035,-0.0178321749,0.44462961,-0.41328001,0.794672847],"scale":1.3995924,"type":"eca_rock_medium_1"}
{"pos":[384.017242,308.327271,27.8437862],"rotationMatrix":[-0.408448756,0.912781239,0,-0.655867696,-0.29348582,0.695488214,0.634828448,0.284071267,0.718537569],"scale":1.53007042,"type":"eca_rock_medium_1"}
{"pos":[390.177856,309.050903,25.1530857],"rotationMatrix":[-0.0238563493,0.967605889,0.251333952,-0.887291491,-0.136321589,0.440601081,0.460590631,-0.21249558,0.861801744],"scale":1.70921159,"type":"eca_rock_medium_1"}
{"pos":[369.905243,326.180206,25.3031216],"rotationMatrix":[-0.965922356,-0.129246891,-0.224251285,-0.0233584326,-0.819336832,0.572836161,-0.257774651,0.558553636,0.788397253],"scale":1.84187078,"type":"eca_rock_medium_1"}
{"pos":[404.836365,277.932556,25.2082539],"rotationMatrix":[-0.0824607313,0.874042928,0.478799492,0.81314373,0.33677718,-0.474740177,-0.576192677,0.350185633,-0.738493145],"scale":1.87400746,"type":"eca_rock_medium_1"}
{"pos":[379.719238,314.717499,27.6080132],"rotationMatrix":[-0.741279304,0.629212379,-0.233657688,-0.645891726,-0.574024618,0.503308773,0.182563618,0.524010003,0.831914723],"scale":1.79868996,"type":"eca_rock_medium_1"}
{"pos":[405.88797,259.537537,25.0231018],"rotationMatrix":[0.121820733,0.974965096,0.18602024,0.821485877,0.0061481609,-0.570196927,-0.557065725,0.222274646,-0.8001706],"scale":1.55175352,"type":"eca_rock_medium_1"}
{"pos":[410.49408,197.310562,30.552906],"rotationMatrix":[-0.997738361,-0.0672170892,0,0.0672170892,-0.997738361,0,0,0,1],"scale":0.879874587,"type":"eca_rock_medium_1"}
{"pos":[402.908905,202.599854,32.195755],"rotationMatrix":[0.983933151,-0.17853716,0,0.17853716,0.983933151,0,0,0,1],"scale":1.00617731,"type":"eca_rock_medium_1"}
{"pos":[400.507904,203.079636,33.3062744],"rotationMatrix":[0.531083941,0.847319186,0,-0.847319186,0.531083941,0,0,0,1],"scale":0.916876554,"type":"eca_rock_medium_1"}
{"pos":[410.777679,221.372025,33.634201],"rotationMatrix":[-0.80838877,0.588648915,0,-0.588648915,-0.80838877,0,0,0,1],"scale":1.1005162,"type":"eca_rock_medium_1"}
{"pos":[385.234344,129.448929,25.5640335],"rotationMatrix":[-0.690174639,-0.723642826,0,0.723642826,-0.690174639,0,0,0,1],"scale":0.858967602,"type":"eca_rock_medium_1"}
{"pos":[387.365326,132.315659,25.4260159],"rotationMatrix":[-0.440743774,0.897632957,0,-0.897632957,-0.440743774,0,0,0,1],"scale":1.1344471,"type":"eca_rock_medium_1"}
{"pos":[383.892426,139.86409,26.1571445],"rotationMatrix":[0.601302445,0.799021482,0,-0.799021482,0.601302445,0,0,0,1],"scale":0.899361968,"type":"eca_rock_medium_1"}
{"pos":[381.839905,140.471375,26.3873043],"rotationMatrix":[0.30836764,0.951267242,0,-0.951267242,0.30836764,0,0,0,1],"scale":1.00202358,"type":"eca_rock_medium_1"}
{"pos":[394.117096,142.471115,24.9519501],"rotationMatrix":[-0.907520413,0.420008004,0,-0.420008004,-0.907520413,0,0,0,1],"scale":0.950844109,"type":"eca_rock_medium_1"}
{"pos":[396.658722,143.167511,24.1933556],"rotationMatrix":[-0.126882926,0.991917729,0,-0.991917729,-0.126882926,0,0,0,1],"scale":0.915222287,"type":"eca_rock_medium_1"}
{"pos":[396.287598,145.587738,24.7194519],"rotationMatrix":[0.0435300693,0.999052107,0,-0.999052107,0.0435300693,0,0,0,1],"scale":0.9453547,"type":"eca_rock_medium_1"}
{"pos":[406.092896,160.83812,24.8680248],"rotationMatrix":[0.483225703,0.875495791,0,-0.875495791,0.483225703,0,0,0,1],"scale":0.875878036,"type":"eca_rock_medium_1"}
{"pos":[403.712341,160.815674,24.9607468],"rotationMatrix":[-0.74582231,-0.666142166,0,0.666142166,-0.74582231,0,0,0,1],"scale":1.10462499,"type":"eca_rock_medium_1"}
{"pos":[399.874908,166.512482,26.9736977],"rotationMatrix":[-0.00361249852,0.999993503,0,-0.999993503,-0.00361249852,0,0,0,1],"scale":1.0822252,"type":"eca_rock_medium_1"}
{"pos":[400.296448,164.124191,25.8802986],"rotationMatrix":[0.753994286,0.656880975,0,-0.656880975,0.753994286,0,0,0,1],"scale":0.972212195,"type":"eca_rock_medium_1"}
{"pos":[399.475769,158.45105,25.470396],"rotationMatrix":[-0.558590055,-0.829444468,0,0.829444468,-0.558590055,0,0,0,1],"scale":0.944034278,"type":"eca_rock_medium_1"}
{"pos":[397.023926,160.179184,26.8962231],"rotationMatrix":[0.730221808,-0.683210135,0,0.683210135,0.730221808,0,0,0,1],"scale":0.809933007,"type":"eca_rock_medium_1"}
{"pos":[427.064728,234.316208,24.9636879],"rotationMatrix":[-0.795250952,0.606280386,0,-0.606280386,-0.795250952,0,0,0,1],"scale":0.883307099,"type":"eca_rock_medium_1"}
{"pos":[327.013367,269.910614,25.2011414],"rotationMatrix":[-0.96781677,-0.251654863,0,0.251654863,-0.96781677,0,0,0,1],"scale":0.999790192,"type":"eca_rock_medium_1"}
{"pos":[322.004181,277.192047,26.0807819],"rotationMatrix":[-0.0235260911,-0.999723196,0,0.999723196,-0.0235260911,0,0,0,1],"scale":0.962752998,"type":"eca_rock_medium_1"}
{"pos":[-312.243927,-398.974945,26.1020737],"rotationMatrix":[0.997248113,0.074136667,0,-0.074136667,0.997248113,0,0,0,1],"scale":1.11411166,"type":"eca_rock_medium_1"}
{"pos":[-315.00058,-403.088959,27.0607815],"rotationMatrix":[0.588674307,0.808370292,0,-0.808370292,0.588674307,0,0,0,1],"scale":0.854537785,"type":"eca_rock_medium_1"}
