{"pos":[403.590271,264.55719,26.1328087],"rotationMatrix":[0.98851943,0.151094794,0,-0.151094794,0.98851943,0,0,0,1],"scale":1.41963172,"type":"eca_rock_medium_2"}
{"pos":[388.495789,303.625702,27.8056335],"rotationMatrix":[0.363938481,0.0771797448,0.928219736,0.924722552,0.0893795416,-0.369998872,-0.111520305,0.993002772,-0.0388409272],"scale":1.72813082,"type":"eca_rock_medium_2"}
{"pos":[385.951141,309.458282,26.0689793],"rotationMatrix":[-0.599748194,0.789500356,0.13035363,-0.707115531,-0.599161267,0.375491738,0.374553531,0.133025214,0.917613029],"scale":1.76148343,"type":"eca_rock_medium_2"}
{"pos":[404.682831,275.640533,25.5413017],"rotationMatrix":[0.484042376,0.129982978,0.865336478,0.808736622,0.311161608,-0.499122679,-0.334136933,0.94142592,0.0454935841],"scale":1.7005161,"type":"eca_rock_medium_2"}
{"pos":[378.144501,316.168823,26.3691139],"rotationMatrix":[-0.562792122,-0.362247407,-0.742995381,0.523505807,0.539412141,-0.659527361,0.639692187,-0.760139227,-0.113938138],"scale":1.68110943,"type":"eca_rock_medium_2"}
{"pos":[408.970642,201.647018,30.3211784],"rotationMatrix":[0.974662423,0.223681033,0,-0.223681033,0.974662423,0,0,0,1],"scale":1.11605906,"type":"eca_rock_medium_2"}
{"pos":[407.608337,219.962296,34.0329971],"rotationMatrix":[0.890803814,0.454388142,0,-0.454388142,0.890803814,0,0,0,1],"scale":1.02566922,"type":"eca_rock_medium_2"}
{"pos":[390.390686,136.127335,24.8480625],"rotationMatrix":[-0.438976556,-0.895006716,0.0791509971,-0.890920639,0.444997936,0.0907557532,-0.116449147,-0.0306789018,-0.992723525],"scale":1.0690949,"type":"eca_rock_medium_2"}
{"pos":[389.499023,134.990295,25.2426357],"rotationMatrix":[-0.895191193,-0.445682377,0,0.445682377,-0.895191193,0,0,0,1],"scale":0.948653221,"type":"eca_rock_medium_2"}
{"pos":[386.401764,146.069946,26.4942265],"rotationMatrix":[-0.947008729,-0.321207792,0,0.321207792,-0.947008729,0,0,0,1],"scale":1.02772057,"type":"eca_rock_medium_2"}
{"pos":[384.558289,142.985458,26.3511753],"rotationMatrix":[-0.622880995,-0.782316625,0,0.782316625,-0.622880995,0,0,0,1],"scale":1.07159376,"type":"eca_rock_medium_2"}
{"pos":[399.125641,155.400909,25.2490463],"rotationMatrix":[0.65791285,0.753093123,0,-0.753093123,0.65791285,0,0,0,1],"scale":1.01398695,"type":"eca_rock_medium_2"}
{"pos":[404.952515,158.615967,24.6630325],"rotationMatrix":[0.642603993,0.760893226,-0.09000054,-0.686129451,0.62375176,0.374382019,0.340999991,-0.178827927,0.922896922],"scale":1.02815938,"type":"eca_rock_medium_2"}
{"pos":[319.868835,285.441589,25.6079845],"rotationMatrix":[0.394438505,-0.911874533,-0.113591485,0.876262069,0.410468847,-0.252348363,0.276735812,-3.11614592e-08,0.960945904],"scale":1.09911871,"type":"eca_rock_medium_2"}
{"pos":[324.822662,276.033081,25.2878151],"rotationMatrix":[-0.8670367,0.498244315,0,-0.498244315,-0.8670367,0,0,0,1],"scale":0.899367869,"type":"eca_rock_medium_2"}
{"pos":[325.905182,267.661743,25.9229355],"rotationMatrix":[-0.818727791,0.542832732,-0.187126994,-0.574180722,-0.774027944,0.266825467,6.21083558e-08,0.325902224,0.945403576],"scale":1.03981733,"type":"eca_rock_medium_2"}
{"pos":[319.300659,281.599091,26.1980572],"rotationMatrix":[0.87913692,-0.476569325,0,0.476569325,0.87913692,0,0,0,1],"scale":1.01647568,"type":"eca_rock_medium_2"}
{"pos":[318.774506,285.959595,25.8157139],"rotationMatrix":[-0.971638262,0.236472115,0,-0.236472115,-0.971638262,0,0,0,1],"scale":0.966391683,"type":"eca_rock_medium_2"}
