{"pos":[381.146332,256.704102,24.6410828],"rotationMatrix":[0.880612135,0.473735213,-0.00983071886,-0.470435679,0.871621013,-0.137722418,-0.0566754453,0.125904873,0.990421712],"scale":1.38287425,"type":"eca_rock_big_wide"}
{"pos":[386.93161,261.687744,25.2743912],"rotationMatrix":[0.730172694,0.683226049,0.00708623882,-0.647480369,0.695208371,-0.312176436,-0.218213588,0.223354563,0.949998081],"scale":1.42807806,"type":"eca_rock_big_wide"}
{"pos":[392.290497,266.251343,24.7143841],"rotationMatrix":[-0.932901382,-0.303637773,-0.193648189,0.248841673,-0.932190299,0.262865961,-0.260332912,0.197040066,0.945199609],"scale":1.44913936,"type":"eca_rock_big_wide"}
{"pos":[394.513458,273.157532,24.5629845],"rotationMatrix":[-0.931952059,-0.174281403,-0.317949235,-0.183820218,0.982959867,0,0.31253165,0.0584454872,-0.948107719],"scale":1.71450078,"type":"eca_rock_big_wide"}
{"pos":[392.196899,280.446228,23.992651],"rotationMatrix":[-0.340367734,0.940292597,0,-0.897972584,-0.325048715,-0.29662919,-0.278918236,-0.100963011,0.954992652],"scale":1.54670477,"type":"eca_rock_big_wide"}
{"pos":[389.411682,286.557617,24.412508],"rotationMatrix":[0.417071253,-0.899942994,0.127100468,-0.87448281,-0.435451746,-0.213686287,0.247651741,-0.0220245905,-0.968599021],"scale":1.41808975,"type":"eca_rock_big_wide"}
{"pos":[386.344147,291.224823,24.2748508],"rotationMatrix":[-0.353832513,0.929433465,-0.104672432,0.888421714,0.368972391,0.273067951,0.292419434,0.00362712494,-0.956283808],"scale":1.71007085,"type":"eca_rock_big_wide"}
{"pos":[383.359955,297.453491,24.8604736],"rotationMatrix":[-0.806479454,-0.504594624,-0.308180422,0.552034676,-0.829291403,-0.0867948234,-0.211775303,-0.240124449,0.947359741],"scale":1.8327055,"type":"eca_rock_big_wide"}
{"pos":[378.195984,304.099579,25.0746536],"rotationMatrix":[-0.268670529,0.961070001,0.0645026267,-0.940621018,-0.247350648,-0.232485592,-0.207480133,-0.123134576,0.970458686],"scale":1.53671801,"type":"eca_rock_big_wide"}
{"pos":[374.110016,308.949738,25.0253868],"rotationMatrix":[-0.725912094,0.611485183,-0.314860106,0.574012816,0.790810943,0.212432429,0.378893912,-0.0265263915,-0.925060153],"scale":1.43602514,"type":"eca_rock_big_wide"}
{"pos":[370.967621,314.341461,24.4956245],"rotationMatrix":[0.512081623,-0.803871512,-0.302594721,-0.857089996,-0.501314342,-0.118666098,-0.0563027561,0.320117474,-0.945703745],"scale":1.49521804,"type":"eca_rock_big_wide"}
{"pos":[367.005829,319.915619,26.0103912],"rotationMatrix":[0.265382022,-0.960042775,0.0888280943,0.936382234,0.278593928,0.213479951,-0.22969681,0.026523374,0.972900689],"scale":1.46854365,"type":"eca_rock_big_wide"}
{"pos":[367.857635,324.407379,24.6957264],"rotationMatrix":[-0.956727624,-0.279176384,-0.082059592,-0.243642211,0.922738075,-0.298654169,0.159096479,-0.265737325,-0.950827003],"scale":1.49467278,"type":"eca_rock_big_wide"}
{"pos":[372.459717,325.011627,24.3606529],"rotationMatrix":[-0.863746941,-0.48244223,0.145570472,0.497644126,-0.862085462,0.0957041383,0.0793224797,0.155106366,0.98470813],"scale":1.3094759,"type":"eca_rock_big_wide"}
{"pos":[373.835571,317.078522,24.8829727],"rotationMatrix":[-0.796744406,-0.548845172,-0.252920091,0.567289412,-0.823519051,0,-0.208284542,-0.143478885,0.967487335],"scale":1.50059521,"type":"eca_rock_big_wide"}
{"pos":[376.913605,317.940063,24.7140961],"rotationMatrix":[0.740492582,-0.667174757,0.0809168071,0.654125214,0.687852263,-0.314608097,0.154239804,0.285894692,0.945766568],"scale":1.47288132,"type":"eca_rock_big_wide"}
{"pos":[383.401123,314.162201,26.1753407],"rotationMatrix":[-0.648631275,0.750965059,-0.123798266,0.661747038,0.476096272,-0.579155624,-0.375986099,-0.457582384,-0.805762649],"scale":1.4180584,"type":"eca_rock_big_wide"}
{"pos":[386.65979,311.492981,24.92729],"rotationMatrix":[-0.584130764,0.806778133,0.088876456,-0.724785566,-0.567762136,0.390294611,0.365342021,0.163566902,0.916389644],"scale":1.43320453,"type":"eca_rock_big_wide"}
{"pos":[389.794403,303.532471,25.3259411],"rotationMatrix":[0.240885377,-0.97055316,0,0.937938929,0.232790723,-0.257056653,0.249487162,0.0619211793,0.966396272],"scale":1.56692076,"type":"eca_rock_big_wide"}
{"pos":[388.71521,296.763153,25.3882179],"rotationMatrix":[-0.287637711,0.957738698,0,-0.933542371,-0.280370891,0.223359957,0.213920474,0.0642467439,0.974736035],"scale":1.42419052,"type":"eca_rock_big_wide"}
{"pos":[390.346039,293.649689,25.4656315],"rotationMatrix":[-0.559959948,0.828519702,0,-0.828519702,-0.559959948,0,0,0,1],"scale":1.44063067,"type":"eca_rock_big_wide"}
{"pos":[394.990692,296.869415,24.0121555],"rotationMatrix":[0.353887171,-0.933185458,-0.0626782104,-0.855218291,-0.349992663,0.382238835,-0.378637195,-0.081665583,-0.921935081],"scale":1.59981012,"type":"eca_rock_big_wide"}
{"pos":[396.406982,289.273163,24.4161167],"rotationMatrix":[-0.31311062,0.914755523,0.255310595,-0.812791169,-0.397159219,0.426186472,0.491255373,-0.0740706846,0.867860258],"scale":1.41227913,"type":"eca_rock_big_wide"}
{"pos":[397.742493,281.489288,25.0531578],"rotationMatrix":[0.448571384,-0.893747211,0,-0.861836314,-0.432555288,0.264829338,-0.236690328,-0.118794955,-0.964295506],"scale":1.43054438,"type":"eca_rock_big_wide"}
{"pos":[401.866302,275.844025,24.7726593],"rotationMatrix":[-0.0948406234,0.994176209,-0.0511641167,-0.987620056,-0.087515384,0.130175933,0.124939993,0.0628766492,0.990168989],"scale":1.46237898,"type":"eca_rock_big_wide"}
{"pos":[404.222229,266.938141,24.9350166],"rotationMatrix":[0.0134094898,0.999566734,-0.0261840187,0.957293272,-0.0203971062,-0.288397431,-0.288806885,-0.021198567,-0.957152247],"scale":1.85605633,"type":"eca_rock_big_wide"}
{"pos":[404.122406,258.043152,24.9191856],"rotationMatrix":[-0.31080091,-0.933299601,-0.179874092,-0.882757723,0.213288397,0.418625504,-0.352338254,0.288894475,-0.890167475],"scale":1.54641855,"type":"eca_rock_big_wide"}
{"pos":[400.989349,253.186356,22.5731621],"rotationMatrix":[-0.676683187,-0.0253390782,-0.735837877,0.705778003,-0.306978285,-0.638468146,-0.20970799,-0.951378763,0.225611001],"scale":1.42902505,"type":"eca_rock_big_wide"}
{"pos":[400.721741,248.656006,27.1852055],"rotationMatrix":[-0.161785871,-0.985794008,-0.045110587,-0.803060472,0.104953878,0.586580992,-0.573514044,0.131127104,-0.808632612],"scale":1.45021176,"type":"eca_rock_big_wide"}
{"pos":[399.272278,242.677673,27.7880325],"rotationMatrix":[0.0158067681,0.999525309,-0.0264322404,-0.923708916,0.0247175116,0.382296413,0.382768482,0.0183728375,0.92366159],"scale":1.44503558,"type":"eca_rock_big_wide"}
{"pos":[368.950958,330.439423,23.5792313],"rotationMatrix":[-0.999574602,0.0291655101,0,-0.0288302284,-0.988083661,0.151194528,0.00440966524,0.151130214,0.988504112],"scale":1.50971425,"type":"eca_rock_big_wide"}
{"pos":[363.596588,327.870789,23.9550858],"rotationMatrix":[0.330498487,0.936482787,-0.117353573,-0.943242073,0.323436439,-0.0753920674,-0.0326469168,0.135609746,0.990224421],"scale":1.43011606,"type":"eca_rock_big_wide"}
{"pos":[378.897583,317.144653,23.9088764],"rotationMatrix":[0.39254421,-0.864460707,-0.314033061,-0.674823523,-0.502700448,0.540282965,-0.624918044,-0.000168046914,-0.78069067],"scale":1.73379338,"type":"eca_rock_big_wide"}
{"pos":[400.88266,288.842651,23.6970253],"rotationMatrix":[0.382527381,-0.922164738,-0.0573083535,0.859552264,0.377932727,-0.344001502,0.33888486,0.0823304504,0.937218904],"scale":1.70967495,"type":"eca_rock_big_wide"}
{"pos":[405.360779,282.077209,23.7589817],"rotationMatrix":[-0.296284705,0.937756538,0.181188524,-0.91015619,-0.334724903,0.244083434,0.289539129,-0.0925915912,0.95267731],"scale":1.34655762,"type":"eca_rock_big_wide"}
{"pos":[408.365295,276.694061,23.9819202],"rotationMatrix":[0.422993183,-0.895781577,0.136570573,-0.894647062,-0.388939559,0.21984531,-0.143815756,-0.215175435,-0.965927482],"scale":1.61899781,"type":"eca_rock_big_wide"}
{"pos":[410.200775,268.999725,24.2186298],"rotationMatrix":[0.0889711007,-0.984351873,-0.152106225,-0.971707046,-0.119325325,0.203831822,-0.218792647,0.129667625,-0.967117488],"scale":1.39296973,"type":"eca_rock_big_wide"}
{"pos":[375.868713,254.844849,24.3679619],"rotationMatrix":[-0.673969209,-0.728096664,-0.125066563,0.698309541,-0.683121026,0.213797703,-0.241100907,0.0567578338,0.96883899],"scale":1.2022897,"type":"eca_rock_big_wide"}
{"pos":[378.06424,261.374359,24.1044216],"rotationMatrix":[-0.806135952,-0.591730297,0,-0.574948609,0.783273935,-0.236465096,0.139923692,-0.190623268,-0.971639752],"scale":1.1387043,"type":"eca_rock_big_wide"}
{"pos":[401.051849,255.921127,26.6753769],"rotationMatrix":[0.237242639,0.940912664,0.241659179,-0.847996831,0.0792217404,0.524045348,0.473936081,-0.329252213,0.816686332],"scale":1.18775046,"type":"eca_rock_big_wide"}
{"pos":[409.125824,260.761414,23.9319878],"rotationMatrix":[0.0517992526,0.998472393,0.0192445535,0.992450356,-0.0493223667,-0.112289682,-0.111168563,0.0249158107,-0.993488491],"scale":1.4315064,"type":"eca_rock_big_wide"}
