{"pos":[40.9563255,169.434448,42.6563225],"rotationMatrix":[-0.956592858,0.291427702,0,-0.291427702,-0.956592858,0,0,0,1],"scale":1.1256882,"type":"generibush"}
{"pos":[264.288239,-53.3340797,42.1878891],"rotationMatrix":[0.997284889,-0.0736399516,0,0.0736399516,0.997284889,0,0,0,1],"scale":0.964109361,"type":"generibush"}
{"pos":[272.093292,-42.9921951,41.1363983],"rotationMatrix":[-0.164369404,0.986398876,0,-0.986398876,-0.164369404,0,0,0,1],"scale":0.73326546,"type":"generibush"}
