{"pos":[642,-33,71],"rotationMatrix":[-0.183965489,-0.969011247,0.164842844,-0.0364722162,-0.1608603,-0.986302853,0.98225534,-0.18745786,-0.005749139],"scale":1.03454936,"type":"italy_rockface_tall_wide"}
{"pos":[642,-49,78],"rotationMatrix":[0.976083815,0.209175795,0.0592094362,0.0544259846,0.0285561979,-0.998109102,-0.210471094,0.977460742,0.0164886862],"scale":0.886047959,"type":"italy_rockface_tall_wide"}
{"pos":[653,-31.9999981,71],"rotationMatrix":[-0.183965489,-0.948989093,0.256077528,-0.0364722162,-0.253754318,-0.966580689,0.98225534,-0.187157184,0.0120704034],"scale":1.03454936,"type":"italy_rockface_tall_wide"}
{"pos":[634,-33,71],"rotationMatrix":[-0.183965489,-0.969011247,0.164842844,-0.0364722162,-0.1608603,-0.986302853,0.98225534,-0.18745786,-0.005749139],"scale":1.03454936,"type":"italy_rockface_tall_wide"}
{"pos":[631,-28,69],"rotationMatrix":[-0.183965489,-0.969011247,0.164842844,-0.0364722162,-0.1608603,-0.986302853,0.98225534,-0.18745786,-0.005749139],"scale":1.03454936,"type":"italy_rockface_tall_wide"}
{"pos":[640,-41,74],"rotationMatrix":[0.975712836,0.200858459,0.0874083042,-0.0833237842,-0.0287161786,0.996108115,0.202586606,-0.979198754,-0.0112825204],"scale":0.886047959,"type":"italy_rockface_tall_wide"}
