{"pos":[652,-39,73],"rotationMatrix":[-0.624308944,-0.76513344,-0.157507032,0.675581157,-0.427596897,-0.600624979,0.392209053,-0.481384695,0.78386271],"scale":1,"type":"italy_rockface_tall_narrow"}
{"pos":[650,-41,73],"rotationMatrix":[-0.666508317,-0.691427767,-0.278735816,0.57875371,-0.244230628,-0.778071284,0.469904602,-0.679910779,0.562948406],"scale":0.771675527,"type":"italy_rockface_tall_narrow"}
{"pos":[643,-41,74],"rotationMatrix":[-0.867954969,-0.496387362,0.0159061924,0.0972057059,-0.201202095,-0.974714398,0.487036556,-0.844462633,0.222886145],"scale":0.771675527,"type":"italy_rockface_tall_narrow"}
{"pos":[655,-37,74],"rotationMatrix":[-0.624308944,-0.766450405,-0.150968283,0.675581157,-0.432709694,-0.5969522,0.392209053,-0.474674225,0.787944436],"scale":1.33708584,"type":"italy_rockface_tall_narrow"}
