{"pos":[272.207031,-120.033722,45.2407646],"rotationMatrix":[0.688594222,0.72514689,0,-0.72514689,0.688594222,0,0,0,1],"scale":0.869852543,"type":"scraggly_bush"}
{"pos":[379.551605,183.793564,34.3010521],"rotationMatrix":[-0.734140933,-0.678997159,0,0.678997159,-0.734140933,0,0,0,1],"scale":1.08089423,"type":"scraggly_bush"}
{"pos":[382.776672,186.224548,35.5966835],"rotationMatrix":[-0.0736123174,0.997286916,0,-0.997286916,-0.0736123174,0,0,0,1],"scale":1.15353739,"type":"scraggly_bush"}
{"pos":[356.513214,172.315186,29.2983742],"rotationMatrix":[-0.599792957,0.800155222,0,-0.800155222,-0.599792957,0,0,0,1],"scale":1.06151199,"type":"scraggly_bush"}
