{"class":"TSStatic","persistentId":"7306be70-1da8-437d-b574-77ff0b49717d","__parent":"StaticObjects","position":[-16.8910999,-490,54],"allowPlayerStep":"1","collisionType":"Visible Mesh Final","isRenderEnabled":false,"rotationMatrix":[-0.999841928,-0.00523584848,0.0169992074,0.00523584848,-0.99998641,-4.4506156e-05,0.0169992074,4.4506156e-05,0.999855518],"scale":[1.02999997,1,1],"shapeName":"/levels/nationals/art/shapes/buildings/SI_tunnel01.dae"}
{"class":"TSStatic","persistentId":"cff3db79-0456-4621-aa34-310a733633a0","__parent":"StaticObjects","position":[332.309998,66.7433014,92],"allowPlayerStep":"1","isRenderEnabled":false,"rotationMatrix":[0.908650398,0.417557746,0,-0.417557746,0.908650398,0,0,0,1],"shapeName":"/levels/nationals/art/shapes/buildings/SI_bridge01.dae"}
