{"name":"SimGroup_n","class":"SimGroup","persistentId":"92cc82f6-83a1-445b-a5e1-f7b952f9d104","__parent":"MissionGroup","groupPosition":"0.004364 0.007501 0.111135"}
{"name":"SimGroup_n","class":"SimGroup","persistentId":"92cc82f6-83a1-445b-a5e1-f7b952f9d104","__parent":"MissionGroup","groupPosition":"0.004364 0.007501 0.111135"}
{"class":"TSStatic","persistentId":"0cf7a67b-8527-44e8-8ae9-da4995f9dce8","__parent":"SimGroup_n","position":[0.08952661603689194,-0.1536463350057602,-0.003767751157283783],"isRenderEnabled":false,"rotationMatrix":[1,0,0,0,0.09402507543563843,-0.9955700635910034,0,0.9955700635910034,0.09402507543563843],"shapeName":"/levels/nationals/art/shapes/buildings/si_buoy.DAE"}
{"class":"TSStatic","persistentId":"6b3803e6-c7cd-46de-9a7a-7237ea2ef00e","__parent":"SimGroup_n","position":[-0.1586644500494003,-0.06141921877861023,-0.08425663411617279],"isRenderEnabled":false,"rotationMatrix":[-0.4927971363067627,0.8701441287994385,0,-0.7788876295089722,-0.4411149621009827,0.4458155035972595,0.3879237473011017,0.2196966111660004,0.8951247930526733],"shapeName":"/levels/nationals/art/shapes/buildings/si_buoy.DAE"}
{"class":"TSStatic","persistentId":"74422fe7-bccb-43c9-a70a-e4c8c375819c","__parent":"SimGroup_n","position":[-0.05474521964788437,0.2041616439819336,-0.1106112450361252],"isRenderEnabled":false,"rotationMatrix":[-0.4927971363067627,0.8701441287994385,0,-0.8701441287994385,-0.4927971363067627,0,0,0,1],"shapeName":"/levels/nationals/art/shapes/buildings/si_buoy.DAE"}
{"class":"TSStatic","persistentId":"8ceeb8e2-a6ad-4819-ba11-0b37f5144a29","__parent":"SimGroup_n","position":[-0.08924062550067902,-0.2504356205463409,0.2310996949672699],"isRenderEnabled":false,"rotationMatrix":[0.3322624564170837,-0.3437951505184174,0.8782985210418701,-0.3176768124103546,-0.9175859093666077,-0.2389950454235077,0.8880783915519714,-0.1996054649353027,-0.4140952527523041],"shapeName":"/levels/nationals/art/shapes/buildings/si_buoy.DAE"}
{"class":"TSStatic","persistentId":"ab349d4c-a9e8-4a04-8ac2-a08d68f61d61","__parent":"SimGroup_n","position":[-0.004364324733614922,-0.007500609382987022,-0.1111346855759621],"isRenderEnabled":false,"rotationMatrix":[0.9678465127944946,-0.2515414357185364,0,0.2515414357185364,0.9678465127944946,0,0,0,1],"shapeName":"/levels/nationals/art/shapes/buildings/si_plastic_box.DAE"}
{"class":"TSStatic","persistentId":"abb53809-b380-45e9-bb6b-64093e5ebefd","__parent":"SimGroup_n","position":[-0.01601279713213444,-0.2365616112947464,-0.0007609426975250244],"isRenderEnabled":false,"rotationMatrix":[-0.05169278755784035,0.0912751629948616,-0.9944831132888794,0.0811421200633049,-0.992137610912323,-0.09527772665023804,-0.9953607320785522,-0.08561945706605911,0.04388013482093811],"shapeName":"/levels/nationals/art/shapes/buildings/si_buoy.DAE"}
{"class":"TSStatic","persistentId":"ae5b9ad8-0f2d-4953-8240-5cd91cf56b7c","__parent":"SimGroup_n","position":[0.0774168074131012,0.2855297923088074,0.1895265877246857],"isRenderEnabled":false,"rotationMatrix":[-0.3508555293083191,1.4210854715202e-13,0.9364292621612549,-0.9364294409751892,8.940704532278687e-08,-0.3508555293083191,-8.372347792828805e-08,-0.9999998211860657,-3.13688239828025e-08],"shapeName":"/levels/nationals/art/shapes/buildings/si_buoy.DAE"}
{"class":"TSStatic","persistentId":"f69aeb8a-09a4-4a7f-a108-cbc0829aa834","__parent":"SimGroup_n","position":[0.1560839861631393,0.219871997833252,-0.1100949719548225],"isRenderEnabled":false,"shapeName":"/levels/nationals/art/shapes/buildings/si_buoy.DAE"}
