{"name":"Level_objects","class":"SimGroup","persistentId":"1bd014c8-cabd-45d2-a503-42c84442e372","__parent":"MissionGroup"}
{"name":"PlayerDropPoints","class":"SimGroup","persistentId":"365edd26-8409-4150-b283-0794a3cd8bd4","__parent":"MissionGroup","enabled":"1"}
{"name":"AIWaypointsGroup","class":"SimGroup","persistentId":"5fcc2704-2f23-438a-a935-9d0f4ae46938","__parent":"MissionGroup"}
{"name":"Audio","class":"SimGroup","persistentId":"65aad424-b8d3-4b45-b078-49e8e05b9b85","__parent":"MissionGroup"}
{"name":"StaticObjects","class":"SimGroup","persistentId":"6e1d4901-8a64-4478-9581-d95b776acded","__parent":"MissionGroup"}
{"name":"rocks","class":"SimGroup","persistentId":"910ba3e8-1613-4d1c-a202-a126e763c8eb","__parent":"MissionGroup"}
{"name":"CameraBookmarks","class":"SimGroup","persistentId":"e8cebf21-8b72-4665-9690-6414679f3b63","__parent":"MissionGroup"}
{"class":"TSStatic","persistentId":"dace9d00-cf37-4e3c-bfb3-f161e3d31bee","__parent":"MissionGroup","position":[-2.52425385,398.486298,26.6849651],"isRenderEnabled":false,"shapeName":"/levels/nationals/art/shapes/objects/constructionbarrier.dae","useInstanceRenderData":true}
{"class":"TSStatic","persistentId":"4c4bb726-c5e0-4ebe-9f58-bde02a4c6606","__parent":"MissionGroup","position":[-19,387,28],"isRenderEnabled":false,"rotationMatrix":[0.995077491,-0.0990996137,0,0.0990996137,0.995077491,0,0,0,1],"shapeName":"/levels/nationals/art/shapes/objects/arrowboard_L.dae","useInstanceRenderData":true}
{"class":"TSStatic","persistentId":"44cf10e8-fa89-49e2-9931-f7217bb82927","__parent":"MissionGroup","position":[-49.0084229,391.444458,27.9247818],"isRenderEnabled":false,"rotationMatrix":[-0.980770826,0.195161596,0,-0.195161596,-0.980770826,0,0,0,1],"shapeName":"/levels/nationals/art/shapes/objects/arrowboard_R.dae","useInstanceRenderData":true}
{"class":"DecalRoad","persistentId":"f4e326fe-1127-4571-8063-8e10b763c793","__parent":"MissionGroup","position":[-223.260544,74.9554749,30.8250523],"decalBias":1,"improvedSpline":true,"material":"dirt_road_base","nodes":[[-223.260544,74.9554749,30.8250523,40],[-135.491699,77.5921707,29.0703449,40],[-62.3142319,81.0243683,33.6574059,40],[24.9440632,84.6916885,31.1838741,40],[148.580505,103.632645,30.9503078,40],[196.807587,112.465851,26.7051277,40]],"renderPriority":15,"zBias":1}
{"class":"TSStatic","persistentId":"0c71bdd2-eaac-4e49-9a2e-78b362cc0a7a","__parent":"MissionGroup","position":[209.043411,148.949326,27],"isRenderEnabled":false,"rotationMatrix":[0.947346032,0.0650453791,-0.313535571,-0.0617512539,0.997882307,0.0204373226,0.314200938,0,0.949356496],"shapeName":"/levels/nationals/art/shapes/objects/barrier_concrete1.dae","useInstanceRenderData":true}
{"class":"TSStatic","persistentId":"6ebbfcb7-5b2e-4326-b586-8dc82eeaf0d5","__parent":"MissionGroup","position":[205,148.949326,28],"isRenderEnabled":false,"rotationMatrix":[0.997882307,0.065045394,0,-0.065045394,0.997882307,0,0,0,1],"shapeName":"/levels/nationals/art/shapes/objects/barrier_concrete1.dae","useInstanceRenderData":true}
{"class":"TSStatic","persistentId":"68999e4b-0f16-4515-b811-690afe87df01","__parent":"MissionGroup","position":[201,148.949326,28],"isRenderEnabled":false,"rotationMatrix":[0.986853778,-0.015450323,-0.16087535,0.0152490307,0.999880612,-0.00248587271,0.160894543,1.16415322e-10,0.986971617],"scale":[1,1,1.26462102],"shapeName":"/levels/nationals/art/shapes/objects/barrier_concrete1.dae","useInstanceRenderData":true}
{"class":"TSStatic","persistentId":"c7ea33fa-345d-4ecb-a2d9-cabc6c02c9b9","__parent":"MissionGroup","position":[197,148.949326,29],"isRenderEnabled":false,"rotationMatrix":[0.999880612,-0.0154503221,0,0.0154503221,0.999880612,0,0,0,1],"scale":[1,1,1.26462102],"shapeName":"/levels/nationals/art/shapes/objects/barrier_concrete1.dae","useInstanceRenderData":true}
{"class":"TSStatic","persistentId":"452ff654-f30e-4384-8da8-8c172021a4bc","__parent":"MissionGroup","position":[193,148.949326,29.4922752],"isRenderEnabled":false,"rotationMatrix":[0.981482625,-0.0154503221,-0.190926909,0.015166034,0.999880612,-0.0029502348,0.190949708,0,0.981599808],"scale":[1,1,1.26462102],"shapeName":"/levels/nationals/art/shapes/objects/barrier_concrete1.dae","useInstanceRenderData":true}
{"class":"TSStatic","persistentId":"2efb1bf5-4457-4546-a321-7a4d85bffc1c","__parent":"MissionGroup","position":[188,148.949326,29.4922752],"isRenderEnabled":false,"rotationMatrix":[0.999880612,-0.0154503221,0,0.0154503221,0.999880612,0,0,0,1],"scale":[1,1,1.26462102],"shapeName":"/levels/nationals/art/shapes/objects/barrier_concrete1.dae","useInstanceRenderData":true}
{"class":"TSStatic","persistentId":"a7793679-9e47-46ee-89ce-f0e2ef4a32ab","__parent":"MissionGroup","position":[184,148.949326,29.4922752],"isRenderEnabled":false,"rotationMatrix":[0.999880612,-0.0154503221,0,0.0154503221,0.999880612,0,0,0,1],"scale":[1,1,1.26462102],"shapeName":"/levels/nationals/art/shapes/objects/barrier_concrete1.dae","useInstanceRenderData":true}
{"class":"TSStatic","persistentId":"bd60af62-56f8-4ca1-bf60-709ee2a2f312","__parent":"MissionGroup","position":[179,148.949326,29.4922752],"isRenderEnabled":false,"rotationMatrix":[0.999880612,-0.0154503221,0,0.0154503221,0.999880612,0,0,0,1],"scale":[1,1,1.26462102],"shapeName":"/levels/nationals/art/shapes/objects/barrier_concrete1.dae","useInstanceRenderData":true}
{"class":"TSStatic","persistentId":"c1ac2bbd-5067-4c18-a8bc-894bad1f16f9","__parent":"MissionGroup","position":[175,148.949326,29.4922752],"isRenderEnabled":false,"rotationMatrix":[0.999880612,-0.0154503221,0,0.0154503221,0.999880612,0,0,0,1],"scale":[1,1,1.26462102],"shapeName":"/levels/nationals/art/shapes/objects/barrier_concrete1.dae","useInstanceRenderData":true}
{"class":"TSStatic","persistentId":"947bf035-8457-4563-a32a-4d3f4c3bd81f","__parent":"MissionGroup","position":[170,148.949326,29.4922752],"isRenderEnabled":false,"rotationMatrix":[0.999880612,-0.0154503221,0,0.0154503221,0.999880612,0,0,0,1],"scale":[1,1,1.26462102],"shapeName":"/levels/nationals/art/shapes/objects/barrier_concrete1.dae","useInstanceRenderData":true}
{"class":"TSStatic","persistentId":"e82d3a24-a27c-432f-a0cf-b7825d05a685","__parent":"MissionGroup","position":[165.495605,148.949326,29.4922752],"isRenderEnabled":false,"rotationMatrix":[0.999880612,-0.0154503221,0,0.0154503221,0.999880612,0,0,0,1],"scale":[1,1,1.26462102],"shapeName":"/levels/nationals/art/shapes/objects/barrier_concrete1.dae","useInstanceRenderData":true}
{"class":"TSStatic","persistentId":"350065db-f57a-4eee-bd8e-bbde9eb8dde4","__parent":"MissionGroup","position":[161.495605,148.949326,29.4922752],"isRenderEnabled":false,"rotationMatrix":[0.999880612,-0.0154503221,0,0.0154503221,0.999880612,0,0,0,1],"scale":[1,1,1.26462102],"shapeName":"/levels/nationals/art/shapes/objects/barrier_concrete1.dae","useInstanceRenderData":true}
{"class":"TSStatic","persistentId":"de9b02d3-d638-4380-9ce8-ec1e9f259a35","__parent":"MissionGroup","position":[156.495605,148.949326,29.4922752],"isRenderEnabled":false,"rotationMatrix":[0.999880612,-0.0154503221,0,0.0154503221,0.999880612,0,0,0,1],"scale":[1,1,1.26462102],"shapeName":"/levels/nationals/art/shapes/objects/barrier_concrete1.dae","useInstanceRenderData":true}
{"class":"TSStatic","persistentId":"87f09ee9-a2b8-42d1-9ef5-92e696b7aee8","__parent":"MissionGroup","position":[151.495605,148.949326,29.4922752],"isRenderEnabled":false,"rotationMatrix":[0.999880612,-0.0154503221,0,0.0154503221,0.999880612,0,0,0,1],"scale":[1,1,1.26462102],"shapeName":"/levels/nationals/art/shapes/objects/barrier_concrete1.dae","useInstanceRenderData":true}
{"class":"TSStatic","persistentId":"229ea3f5-a77b-4d4c-9d82-89fae3187f4c","__parent":"MissionGroup","position":[147.495605,148.949326,29.4922752],"isRenderEnabled":false,"rotationMatrix":[0.999880612,-0.0154503221,0,0.0154503221,0.999880612,0,0,0,1],"scale":[1,1,1.26462102],"shapeName":"/levels/nationals/art/shapes/objects/barrier_concrete1.dae","useInstanceRenderData":true}
{"class":"TSStatic","persistentId":"b5faaf43-3f2f-4196-b455-c12e8555b41c","__parent":"MissionGroup","position":[142.495605,148.949326,29],"isRenderEnabled":false,"rotationMatrix":[0.999880612,-0.0154503221,0,0.0154503221,0.999880612,0,0,0,1],"scale":[1,1,1.26462102],"shapeName":"/levels/nationals/art/shapes/objects/barrier_concrete1.dae","useInstanceRenderData":true}
{"class":"TSStatic","persistentId":"b6dcf347-c0a9-4795-98e7-b5978c0202cc","__parent":"MissionGroup","position":[136.747803,148.949326,29],"isRenderEnabled":false,"rotationMatrix":[0.999880612,-0.0154503221,0,0.0154503221,0.999880612,0,0,0,1],"scale":[1,1,1.26462102],"shapeName":"/levels/nationals/art/shapes/objects/barrier_concrete1.dae","useInstanceRenderData":true}
{"class":"TSStatic","persistentId":"e7c82927-475a-43fe-b805-c75430208a00","__parent":"MissionGroup","position":[131.747803,148.949326,30],"isRenderEnabled":false,"rotationMatrix":[0.991931081,-0.0154503221,-0.125833526,0.0153274843,0.999880612,-0.0019444006,0.125848547,0,0.992049456],"scale":[1,1,1.26462102],"shapeName":"/levels/nationals/art/shapes/objects/barrier_concrete1.dae","useInstanceRenderData":true}
{"class":"TSStatic","persistentId":"8666b5cc-2192-4c0f-b445-beedeb05cd2c","__parent":"MissionGroup","position":[127.747803,148.949326,30],"isRenderEnabled":false,"rotationMatrix":[0.999880612,-0.0154503221,0,0.0154503221,0.999880612,0,0,0,1],"scale":[1,1,1.52789938],"shapeName":"/levels/nationals/art/shapes/objects/barrier_concrete1.dae","useInstanceRenderData":true}
{"class":"TSStatic","persistentId":"2ed71f6e-c7a8-4bba-8f65-5870f4224d2c","__parent":"MissionGroup","position":[122.747803,148.949326,30.4922752],"isRenderEnabled":false,"rotationMatrix":[0.999880612,-0.0154503221,0,0.0154503221,0.999880612,0,0,0,1],"scale":[1,1,1.26462102],"shapeName":"/levels/nationals/art/shapes/objects/barrier_concrete1.dae","useInstanceRenderData":true}
{"class":"TSStatic","persistentId":"c4c3873b-1047-4ae3-8267-3b180cdc2b8c","__parent":"MissionGroup","position":[118.747803,148.949326,30.4922752],"isRenderEnabled":false,"rotationMatrix":[0.999880612,-0.0154503221,0,0.0154503221,0.999880612,0,0,0,1],"scale":[1,1,1.26462102],"shapeName":"/levels/nationals/art/shapes/objects/barrier_concrete1.dae","useInstanceRenderData":true}
{"class":"TSStatic","persistentId":"2fcd1984-f67f-4507-8da0-9e6931b1b86e","__parent":"MissionGroup","position":[113.747803,148.949326,30.4922752],"isRenderEnabled":false,"rotationMatrix":[0.999880612,-0.0154503221,0,0.0154503221,0.999880612,0,0,0,1],"scale":[1,1,1.26462102],"shapeName":"/levels/nationals/art/shapes/objects/barrier_concrete1.dae","useInstanceRenderData":true}
{"class":"TSStatic","persistentId":"0681df76-19b9-4d50-aae8-28723baa893e","__parent":"MissionGroup","position":[109.243408,148.949326,30.4922752],"isRenderEnabled":false,"rotationMatrix":[0.999880612,-0.0154503221,0,0.0154503221,0.999880612,0,0,0,1],"scale":[1,1,1.26462102],"shapeName":"/levels/nationals/art/shapes/objects/barrier_concrete1.dae","useInstanceRenderData":true}
{"class":"TSStatic","persistentId":"7b468c5b-1e24-4716-93e0-12e3f5b7c4f8","__parent":"MissionGroup","position":[105.243408,148.949326,30.4922752],"isRenderEnabled":false,"rotationMatrix":[0.999880612,-0.0154503221,0,0.0154503221,0.999880612,0,0,0,1],"scale":[1,1,1.26462102],"shapeName":"/levels/nationals/art/shapes/objects/barrier_concrete1.dae","useInstanceRenderData":true}
{"class":"TSStatic","persistentId":"6b6b6fa6-0bcf-4931-8a36-70eaf6a27a15","__parent":"MissionGroup","position":[100.243408,148.949326,30.4922752],"isRenderEnabled":false,"rotationMatrix":[0.999880612,-0.0154503221,0,0.0154503221,0.999880612,0,0,0,1],"scale":[1,1,1.26462102],"shapeName":"/levels/nationals/art/shapes/objects/barrier_concrete1.dae","useInstanceRenderData":true}
{"class":"TSStatic","persistentId":"ed13f34a-c566-48b2-b825-2ca8886490dc","__parent":"MissionGroup","position":[95.2434082,148.949326,30.4922752],"isRenderEnabled":false,"rotationMatrix":[0.999880612,-0.0154503221,0,0.0154503221,0.999880612,0,0,0,1],"scale":[1,1,1.26462102],"shapeName":"/levels/nationals/art/shapes/objects/barrier_concrete1.dae","useInstanceRenderData":true}
{"class":"TSStatic","persistentId":"0d09be50-b762-4e7f-b413-1092b336dac9","__parent":"MissionGroup","position":[91.2434082,148.949326,30.4922752],"isRenderEnabled":false,"rotationMatrix":[0.999880612,-0.0154503221,0,0.0154503221,0.999880612,0,0,0,1],"scale":[1,1,1.26462102],"shapeName":"/levels/nationals/art/shapes/objects/barrier_concrete1.dae","useInstanceRenderData":true}
{"class":"TSStatic","persistentId":"fa950268-16ef-4ca1-b668-3064f64276da","__parent":"MissionGroup","position":[85.7390137,148.949326,29.9255047],"isRenderEnabled":false,"rotationMatrix":[0.999839783,-0.015450323,-0.00904039666,0.0154496916,0.999880612,-0.000139693715,0.00904147513,0,0.999959111],"scale":[1,1,2.16411448],"shapeName":"/levels/nationals/art/shapes/objects/barrier_concrete1.dae","useInstanceRenderData":true}
{"class":"TSStatic","persistentId":"99ae8e20-46e9-45b3-ad91-288dc0511792","__parent":"MissionGroup","position":[80.7392197,148.949326,29.9707127],"isRenderEnabled":false,"rotationMatrix":[0.999839783,-0.015450323,-0.00904039666,0.0154496916,0.999880612,-0.000139693715,0.00904147513,0,0.999959111],"scale":[1,1,2.16411448],"shapeName":"/levels/nationals/art/shapes/objects/barrier_concrete1.dae","useInstanceRenderData":true}
{"class":"TSStatic","persistentId":"75803d38-9a96-4c34-b2fa-fc9fbb9cc42e","__parent":"MissionGroup","position":[76.7393799,148.949326,30.0068779],"isRenderEnabled":false,"rotationMatrix":[0.999839783,-0.015450323,-0.00904039666,0.0154496916,0.999880612,-0.000139693715,0.00904147513,0,0.999959111],"scale":[1,1,2.16411448],"shapeName":"/levels/nationals/art/shapes/objects/barrier_concrete1.dae","useInstanceRenderData":true}
{"class":"TSStatic","persistentId":"5e14c88f-ec67-4666-ada4-78d0135605cb","__parent":"MissionGroup","position":[71.7395782,148.949326,30.0520859],"isRenderEnabled":false,"rotationMatrix":[0.999839783,-0.015450323,-0.00904039666,0.0154496916,0.999880612,-0.000139693715,0.00904147513,0,0.999959111],"scale":[1,1,2.16411448],"shapeName":"/levels/nationals/art/shapes/objects/barrier_concrete1.dae","useInstanceRenderData":true}
{"class":"TSStatic","persistentId":"ad430392-d27b-487c-b368-925eaa9ab97a","__parent":"MissionGroup","position":[67.7397461,148.949326,30.088253],"isRenderEnabled":false,"rotationMatrix":[0.999839783,-0.015450323,-0.00904039666,0.0154496916,0.999880612,-0.000139693715,0.00904147513,0,0.999959111],"scale":[1,1,2.16411448],"shapeName":"/levels/nationals/art/shapes/objects/barrier_concrete1.dae","useInstanceRenderData":true}
{"class":"TSStatic","persistentId":"a07a4c2b-94da-498a-bde8-e6534d7a6bc5","__parent":"MissionGroup","position":[62.7399483,148.949326,30.1334591],"isRenderEnabled":false,"rotationMatrix":[0.999839783,-0.015450323,-0.00904039666,0.0154496916,0.999880612,-0.000139693715,0.00904147513,0,0.999959111],"scale":[1,1,2.16411448],"shapeName":"/levels/nationals/art/shapes/objects/barrier_concrete1.dae","useInstanceRenderData":true}
{"class":"TSStatic","persistentId":"f03141db-9240-402a-bfe4-da231999ec43","__parent":"MissionGroup","position":[58.2357407,148.949326,30.1741867],"isRenderEnabled":false,"rotationMatrix":[0.999839783,-0.015450323,-0.00904039666,0.0154496916,0.999880612,-0.000139693715,0.00904147513,0,0.999959111],"scale":[1,1,2.16411448],"shapeName":"/levels/nationals/art/shapes/objects/barrier_concrete1.dae","useInstanceRenderData":true}
{"class":"TSStatic","persistentId":"acc7f4b4-fb4c-4ad6-aeb2-6550e87e240e","__parent":"MissionGroup","position":[54.2359009,148.949326,30.2103519],"isRenderEnabled":false,"rotationMatrix":[0.999839783,-0.015450323,-0.00904039666,0.0154496916,0.999880612,-0.000139693715,0.00904147513,0,0.999959111],"scale":[1,1,2.16411448],"shapeName":"/levels/nationals/art/shapes/objects/barrier_concrete1.dae","useInstanceRenderData":true}
{"class":"TSStatic","persistentId":"16432aa6-186d-4660-88d7-e3cfd010d4fd","__parent":"MissionGroup","position":[49.2361069,148.949326,30.2555599],"isRenderEnabled":false,"rotationMatrix":[0.999839783,-0.015450323,-0.00904039666,0.0154496916,0.999880612,-0.000139693715,0.00904147513,0,0.999959111],"scale":[1,1,2.16411448],"shapeName":"/levels/nationals/art/shapes/objects/barrier_concrete1.dae","useInstanceRenderData":true}
{"class":"TSStatic","persistentId":"c1860335-3095-4e5b-b64c-13cc0e0ee39c","__parent":"MissionGroup","position":[44.2363129,148.949326,30.300766],"isRenderEnabled":false,"rotationMatrix":[0.999839783,-0.015450323,-0.00904039666,0.0154496916,0.999880612,-0.000139693715,0.00904147513,0,0.999959111],"scale":[1,1,2.16411448],"shapeName":"/levels/nationals/art/shapes/objects/barrier_concrete1.dae","useInstanceRenderData":true}
{"class":"TSStatic","persistentId":"57df25b0-3f8d-4227-aa5b-4e725a507bbe","__parent":"MissionGroup","position":[40.2364731,148.949326,30.3369331],"isRenderEnabled":false,"rotationMatrix":[0.999839783,-0.015450323,-0.00904039666,0.0154496916,0.999880612,-0.000139693715,0.00904147513,0,0.999959111],"scale":[1,1,2.16411448],"shapeName":"/levels/nationals/art/shapes/objects/barrier_concrete1.dae","useInstanceRenderData":true}
{"class":"TSStatic","persistentId":"fb1f3c8b-31f3-4166-97e3-2ea3395b7778","__parent":"MissionGroup","position":[35.2531738,148.949326,31.4922714],"isRenderEnabled":false,"rotationMatrix":[0.999880612,-0.0154503221,0,0.0154503221,0.999880612,0,0,0,1],"scale":[1,1,1.26462102],"shapeName":"/levels/nationals/art/shapes/objects/barrier_concrete1.dae","useInstanceRenderData":true}
{"class":"TSStatic","persistentId":"59c2212b-e906-4ba2-88fa-24bd6810719d","__parent":"MissionGroup","position":[31.2531738,148.949326,31.4922714],"isRenderEnabled":false,"rotationMatrix":[0.999880612,-0.0154503221,0,0.0154503221,0.999880612,0,0,0,1],"scale":[1,1,1.26462102],"shapeName":"/levels/nationals/art/shapes/objects/barrier_concrete1.dae","useInstanceRenderData":true}
{"class":"TSStatic","persistentId":"6963be73-0f16-406c-ab0f-1c467702d913","__parent":"MissionGroup","position":[26.2531738,148.949326,31.4922714],"isRenderEnabled":false,"rotationMatrix":[0.999880612,-0.0154503221,0,0.0154503221,0.999880612,0,0,0,1],"scale":[1,1,1.26462102],"shapeName":"/levels/nationals/art/shapes/objects/barrier_concrete1.dae","useInstanceRenderData":true}
{"class":"TSStatic","persistentId":"32f0b51d-fa3c-44bf-876f-82fdf1098b01","__parent":"MissionGroup","position":[21.7487793,148.949326,31.4922714],"isRenderEnabled":false,"rotationMatrix":[0.999880612,-0.0154503221,0,0.0154503221,0.999880612,0,0,0,1],"scale":[1,1,1.26462102],"shapeName":"/levels/nationals/art/shapes/objects/barrier_concrete1.dae","useInstanceRenderData":true}
{"class":"TSStatic","persistentId":"9669410c-dbd3-42ff-b24d-ea49747b0d64","__parent":"MissionGroup","position":[17.7487793,148.949326,31.4922714],"isRenderEnabled":false,"rotationMatrix":[0.999880612,-0.0154503221,0,0.0154503221,0.999880612,0,0,0,1],"scale":[1,1,1.26462102],"shapeName":"/levels/nationals/art/shapes/objects/barrier_concrete1.dae","useInstanceRenderData":true}
{"class":"TSStatic","persistentId":"4040ad73-4e3d-4127-afd2-7a0b4cae093f","__parent":"MissionGroup","position":[12.7487755,148.949326,31.4922714],"isRenderEnabled":false,"rotationMatrix":[0.999880612,-0.0154503221,0,0.0154503221,0.999880612,0,0,0,1],"scale":[1,1,1.26462102],"shapeName":"/levels/nationals/art/shapes/objects/barrier_concrete1.dae","useInstanceRenderData":true}
{"class":"TSStatic","persistentId":"d0b75707-b1de-46ef-86e6-98c155e7be13","__parent":"MissionGroup","position":[7.74877548,148.949326,31.4922714],"isRenderEnabled":false,"rotationMatrix":[0.999880612,-0.0154503221,0,0.0154503221,0.999880612,0,0,0,1],"scale":[1,1,1.26462102],"shapeName":"/levels/nationals/art/shapes/objects/barrier_concrete1.dae","useInstanceRenderData":true}
{"class":"TSStatic","persistentId":"9b8a6dc8-582c-4a46-9080-2861026a6b94","__parent":"MissionGroup","position":[3.74877548,148.949326,31.4922714],"isRenderEnabled":false,"rotationMatrix":[0.999880612,-0.0154503221,0,0.0154503221,0.999880612,0,0,0,1],"scale":[1,1,1.26462102],"shapeName":"/levels/nationals/art/shapes/objects/barrier_concrete1.dae","useInstanceRenderData":true}
{"class":"TSStatic","persistentId":"9381fc25-605c-48aa-96ad-99459b1e259d","__parent":"MissionGroup","position":[-1.75561905,148.949326,30.9255009],"isRenderEnabled":false,"rotationMatrix":[0.999839783,-0.015450323,-0.00904039666,0.0154496916,0.999880612,-0.000139693715,0.00904147513,0,0.999959111],"scale":[1,1,2.16411448],"shapeName":"/levels/nationals/art/shapes/objects/barrier_concrete1.dae","useInstanceRenderData":true}
{"class":"TSStatic","persistentId":"bc1bb49a-2974-47f6-8539-800ca2d4773b","__parent":"MissionGroup","position":[-6.75541306,148.949326,30.9707088],"isRenderEnabled":false,"rotationMatrix":[0.999839783,-0.015450323,-0.00904039666,0.0154496916,0.999880612,-0.000139693715,0.00904147513,0,0.999959111],"scale":[1,1,2.16411448],"shapeName":"/levels/nationals/art/shapes/objects/barrier_concrete1.dae","useInstanceRenderData":true}
{"class":"TSStatic","persistentId":"47a2c760-582d-40cb-82d4-d6d51ee7ee88","__parent":"MissionGroup","position":[-10.7552528,148.949326,31.0068741],"isRenderEnabled":false,"rotationMatrix":[0.999839783,-0.015450323,-0.00904039666,0.0154496916,0.999880612,-0.000139693715,0.00904147513,0,0.999959111],"scale":[1,1,2.16411448],"shapeName":"/levels/nationals/art/shapes/objects/barrier_concrete1.dae","useInstanceRenderData":true}
{"class":"TSStatic","persistentId":"1a858cd7-a9c1-411d-955c-4f11f56c5fdb","__parent":"MissionGroup","position":[-15.7550545,148.949326,31.0520821],"isRenderEnabled":false,"rotationMatrix":[0.999839783,-0.015450323,-0.00904039666,0.0154496916,0.999880612,-0.000139693715,0.00904147513,0,0.999959111],"scale":[1,1,2.16411448],"shapeName":"/levels/nationals/art/shapes/objects/barrier_concrete1.dae","useInstanceRenderData":true}
{"class":"TSStatic","persistentId":"2612a689-388e-4b44-b50c-dfc74e1032bd","__parent":"MissionGroup","position":[-19.7548866,148.949326,31.0882492],"isRenderEnabled":false,"rotationMatrix":[0.999839783,-0.015450323,-0.00904039666,0.0154496916,0.999880612,-0.000139693715,0.00904147513,0,0.999959111],"scale":[1,1,2.16411448],"shapeName":"/levels/nationals/art/shapes/objects/barrier_concrete1.dae","useInstanceRenderData":true}
{"class":"TSStatic","persistentId":"cbd0607c-1208-4c28-880f-fc41699fbfaf","__parent":"MissionGroup","position":[-24.7546844,148.949326,31.1334553],"isRenderEnabled":false,"rotationMatrix":[0.999839783,-0.015450323,-0.00904039666,0.0154496916,0.999880612,-0.000139693715,0.00904147513,0,0.999959111],"scale":[1,1,2.16411448],"shapeName":"/levels/nationals/art/shapes/objects/barrier_concrete1.dae","useInstanceRenderData":true}
{"class":"TSStatic","persistentId":"25032dc5-0cca-4bc9-95f5-89427205b415","__parent":"MissionGroup","position":[-29.2588921,148.949326,31.1741829],"isRenderEnabled":false,"rotationMatrix":[0.999839783,-0.015450323,-0.00904039666,0.0154496916,0.999880612,-0.000139693715,0.00904147513,0,0.999959111],"scale":[1,1,2.16411448],"shapeName":"/levels/nationals/art/shapes/objects/barrier_concrete1.dae","useInstanceRenderData":true}
{"class":"TSStatic","persistentId":"3ea7fcac-0df1-493d-80c5-cc53cc347b3c","__parent":"MissionGroup","position":[-33.2587318,148.949326,31.2103481],"isRenderEnabled":false,"rotationMatrix":[0.999839783,-0.015450323,-0.00904039666,0.0154496916,0.999880612,-0.000139693715,0.00904147513,0,0.999959111],"scale":[1,1,2.16411448],"shapeName":"/levels/nationals/art/shapes/objects/barrier_concrete1.dae","useInstanceRenderData":true}
{"class":"TSStatic","persistentId":"40a60658-e4e7-49bf-8fa4-0b3fb4cc7102","__parent":"MissionGroup","position":[-38.2585258,148.949326,31.2555561],"isRenderEnabled":false,"rotationMatrix":[0.999839783,-0.015450323,-0.00904039666,0.0154496916,0.999880612,-0.000139693715,0.00904147513,0,0.999959111],"scale":[1,1,2.16411448],"shapeName":"/levels/nationals/art/shapes/objects/barrier_concrete1.dae","useInstanceRenderData":true}
{"class":"TSStatic","persistentId":"55a16b67-f01d-427c-a426-a8363f6ccacb","__parent":"MissionGroup","position":[-43.2583199,148.949326,31.3007622],"isRenderEnabled":false,"rotationMatrix":[0.999839783,-0.015450323,-0.00904039666,0.0154496916,0.999880612,-0.000139693715,0.00904147513,0,0.999959111],"scale":[1,1,2.16411448],"shapeName":"/levels/nationals/art/shapes/objects/barrier_concrete1.dae","useInstanceRenderData":true}
{"class":"TSStatic","persistentId":"ea4642de-c09c-4aab-bb9c-951629ad9f1c","__parent":"MissionGroup","position":[-47.2581596,148.949326,31.3369293],"isRenderEnabled":false,"rotationMatrix":[0.999839783,-0.015450323,-0.00904039666,0.0154496916,0.999880612,-0.000139693715,0.00904147513,0,0.999959111],"scale":[1,1,2.16411448],"shapeName":"/levels/nationals/art/shapes/objects/barrier_concrete1.dae","useInstanceRenderData":true}
{"class":"TSStatic","persistentId":"6b5a219e-7949-4cf9-acb9-daf0f753e43d","__parent":"MissionGroup","position":[-51.7468262,148.949326,31.4922714],"isRenderEnabled":false,"rotationMatrix":[0.999880612,-0.0154503221,0,0.0154503221,0.999880612,0,0,0,1],"scale":[1,1,1.26462102],"shapeName":"/levels/nationals/art/shapes/objects/barrier_concrete1.dae","useInstanceRenderData":true}
{"class":"TSStatic","persistentId":"8d8af478-55b3-40e1-a542-0690f1de4683","__parent":"MissionGroup","position":[-55.7468262,148.949326,31.4922714],"isRenderEnabled":false,"rotationMatrix":[0.999880612,-0.0154503221,0,0.0154503221,0.999880612,0,0,0,1],"scale":[1,1,1.26462102],"shapeName":"/levels/nationals/art/shapes/objects/barrier_concrete1.dae","useInstanceRenderData":true}
{"class":"TSStatic","persistentId":"1a487a65-9672-4734-bf5a-a971a2be6c53","__parent":"MissionGroup","position":[-60.7468262,148.949326,31.4922714],"isRenderEnabled":false,"rotationMatrix":[0.999880612,-0.0154503221,0,0.0154503221,0.999880612,0,0,0,1],"scale":[1,1,1.26462102],"shapeName":"/levels/nationals/art/shapes/objects/barrier_concrete1.dae","useInstanceRenderData":true}
{"class":"TSStatic","persistentId":"36c49db6-1c82-4a43-9289-5094b34c564a","__parent":"MissionGroup","position":[-65.2512207,148.949326,31.4922714],"isRenderEnabled":false,"rotationMatrix":[0.999880612,-0.0154503221,0,0.0154503221,0.999880612,0,0,0,1],"scale":[1,1,1.26462102],"shapeName":"/levels/nationals/art/shapes/objects/barrier_concrete1.dae","useInstanceRenderData":true}
{"class":"TSStatic","persistentId":"da181df7-e537-4f73-b5a7-c874fd6fe178","__parent":"MissionGroup","position":[-69.2512207,148.949326,31.4922714],"isRenderEnabled":false,"rotationMatrix":[0.999880612,-0.0154503221,0,0.0154503221,0.999880612,0,0,0,1],"scale":[1,1,1.26462102],"shapeName":"/levels/nationals/art/shapes/objects/barrier_concrete1.dae","useInstanceRenderData":true}
{"class":"TSStatic","persistentId":"eebc3463-c70c-4d79-b3e0-834219382774","__parent":"MissionGroup","position":[-74.2512207,148.949326,31.4922714],"isRenderEnabled":false,"rotationMatrix":[0.999880612,-0.0154503221,0,0.0154503221,0.999880612,0,0,0,1],"scale":[1,1,1.26462102],"shapeName":"/levels/nationals/art/shapes/objects/barrier_concrete1.dae","useInstanceRenderData":true}
{"class":"TSStatic","persistentId":"44c0f17d-5a82-47ec-85d9-83075b6e49fc","__parent":"MissionGroup","position":[-79.2512207,148.949326,31.4922714],"isRenderEnabled":false,"rotationMatrix":[0.999880612,-0.0154503221,0,0.0154503221,0.999880612,0,0,0,1],"scale":[1,1,1.26462102],"shapeName":"/levels/nationals/art/shapes/objects/barrier_concrete1.dae","useInstanceRenderData":true}
{"class":"TSStatic","persistentId":"b4e12160-6944-487f-a939-e4ec17019122","__parent":"MissionGroup","position":[-83.2512207,148.949326,31.4922714],"isRenderEnabled":false,"rotationMatrix":[0.999880612,-0.0154503221,0,0.0154503221,0.999880612,0,0,0,1],"scale":[1,1,1.26462102],"shapeName":"/levels/nationals/art/shapes/objects/barrier_concrete1.dae","useInstanceRenderData":true}
{"class":"TSStatic","persistentId":"82635e97-239d-48c4-bab4-01136c386471","__parent":"MissionGroup","position":[-88.7556152,148.949326,30.9255009],"isRenderEnabled":false,"rotationMatrix":[0.999839783,-0.015450323,-0.00904039666,0.0154496916,0.999880612,-0.000139693715,0.00904147513,0,0.999959111],"scale":[1,1,2.16411448],"shapeName":"/levels/nationals/art/shapes/objects/barrier_concrete1.dae","useInstanceRenderData":true}
{"class":"TSStatic","persistentId":"ae392941-e48f-484a-ac44-d9417696fbc6","__parent":"MissionGroup","position":[-93.7554169,148.949326,30.9707088],"isRenderEnabled":false,"rotationMatrix":[0.999839783,-0.015450323,-0.00904039666,0.0154496916,0.999880612,-0.000139693715,0.00904147513,0,0.999959111],"scale":[1,1,2.16411448],"shapeName":"/levels/nationals/art/shapes/objects/barrier_concrete1.dae","useInstanceRenderData":true}
{"class":"TSStatic","persistentId":"162e6740-0919-4058-9572-6f6688b26ace","__parent":"MissionGroup","position":[-97.755249,148.949326,31.0068741],"isRenderEnabled":false,"rotationMatrix":[0.999839783,-0.015450323,-0.00904039666,0.0154496916,0.999880612,-0.000139693715,0.00904147513,0,0.999959111],"scale":[1,1,2.16411448],"shapeName":"/levels/nationals/art/shapes/objects/barrier_concrete1.dae","useInstanceRenderData":true}
{"class":"TSStatic","persistentId":"3a3f2ab4-4db5-49ef-b0f5-9d9a2ac59278","__parent":"MissionGroup","position":[-102.755051,148.949326,31.0520821],"isRenderEnabled":false,"rotationMatrix":[0.999839783,-0.015450323,-0.00904039666,0.0154496916,0.999880612,-0.000139693715,0.00904147513,0,0.999959111],"scale":[1,1,2.16411448],"shapeName":"/levels/nationals/art/shapes/objects/barrier_concrete1.dae","useInstanceRenderData":true}
{"class":"TSStatic","persistentId":"fb42a722-3079-490b-ae84-79e38508e67e","__parent":"MissionGroup","position":[-106.754883,148.949326,31.0882492],"isRenderEnabled":false,"rotationMatrix":[0.999839783,-0.015450323,-0.00904039666,0.0154496916,0.999880612,-0.000139693715,0.00904147513,0,0.999959111],"scale":[1,1,2.16411448],"shapeName":"/levels/nationals/art/shapes/objects/barrier_concrete1.dae","useInstanceRenderData":true}
{"class":"TSStatic","persistentId":"32ffd1c1-b1ce-428f-949f-704c6b1b9621","__parent":"MissionGroup","position":[-111.754684,148.949326,31.1334553],"isRenderEnabled":false,"rotationMatrix":[0.999839783,-0.015450323,-0.00904039666,0.0154496916,0.999880612,-0.000139693715,0.00904147513,0,0.999959111],"scale":[1,1,2.16411448],"shapeName":"/levels/nationals/art/shapes/objects/barrier_concrete1.dae","useInstanceRenderData":true}
{"class":"TSStatic","persistentId":"8b1fa878-165f-4c04-8973-5ebc30db2649","__parent":"MissionGroup","position":[-116.258896,148.949326,31.1741829],"isRenderEnabled":false,"rotationMatrix":[0.999839783,-0.015450323,-0.00904039666,0.0154496916,0.999880612,-0.000139693715,0.00904147513,0,0.999959111],"scale":[1,1,2.16411448],"shapeName":"/levels/nationals/art/shapes/objects/barrier_concrete1.dae","useInstanceRenderData":true}
{"class":"TSStatic","persistentId":"ee82d169-de19-4ac2-b3e8-d7089434956b","__parent":"MissionGroup","position":[-120.258728,148.949326,31.2103481],"isRenderEnabled":false,"rotationMatrix":[0.999839783,-0.015450323,-0.00904039666,0.0154496916,0.999880612,-0.000139693715,0.00904147513,0,0.999959111],"scale":[1,1,2.16411448],"shapeName":"/levels/nationals/art/shapes/objects/barrier_concrete1.dae","useInstanceRenderData":true}
{"class":"TSStatic","persistentId":"2612792b-bed6-4f74-ba50-cb5b81e58d76","__parent":"MissionGroup","position":[-125.25853,148.949326,31.2555561],"isRenderEnabled":false,"rotationMatrix":[0.999839783,-0.015450323,-0.00904039666,0.0154496916,0.999880612,-0.000139693715,0.00904147513,0,0.999959111],"scale":[1,1,2.16411448],"shapeName":"/levels/nationals/art/shapes/objects/barrier_concrete1.dae","useInstanceRenderData":true}
{"class":"TSStatic","persistentId":"754e40b3-e467-4bea-9e77-8f653eeeb7fa","__parent":"MissionGroup","position":[-130.258316,148.949326,31.3007622],"isRenderEnabled":false,"rotationMatrix":[0.999839783,-0.015450323,-0.00904039666,0.0154496916,0.999880612,-0.000139693715,0.00904147513,0,0.999959111],"scale":[1,1,2.16411448],"shapeName":"/levels/nationals/art/shapes/objects/barrier_concrete1.dae","useInstanceRenderData":true}
{"class":"TSStatic","persistentId":"4dc3c36c-9c55-4799-aba8-9eeb639f400e","__parent":"MissionGroup","position":[-134.258163,148.949326,31.3369293],"isRenderEnabled":false,"rotationMatrix":[0.999839783,-0.015450323,-0.00904039666,0.0154496916,0.999880612,-0.000139693715,0.00904147513,0,0.999959111],"scale":[1,1,2.16411448],"shapeName":"/levels/nationals/art/shapes/objects/barrier_concrete1.dae","useInstanceRenderData":true}
{"class":"TSStatic","persistentId":"a815b1ad-b592-4758-b45a-c5a8ec35feeb","__parent":"MissionGroup","position":[-138.746826,157.004288,31.4922714],"isRenderEnabled":false,"rotationMatrix":[0.999880612,-0.0154503221,0,0.0154503221,0.999880612,0,0,0,1],"scale":[1,1,1.26462102],"shapeName":"/levels/nationals/art/shapes/objects/barrier_concrete1.dae","useInstanceRenderData":true}
{"class":"TSStatic","persistentId":"da0befbe-45a9-44ae-8883-2383ef650082","__parent":"MissionGroup","position":[-142.746826,157.004288,31.4922714],"isRenderEnabled":false,"rotationMatrix":[0.999880612,-0.0154503221,0,0.0154503221,0.999880612,0,0,0,1],"scale":[1,1,1.26462102],"shapeName":"/levels/nationals/art/shapes/objects/barrier_concrete1.dae","useInstanceRenderData":true}
{"class":"TSStatic","persistentId":"ceb529c4-9fd4-491c-9ea6-19ed8f213885","__parent":"MissionGroup","position":[-147.746826,157.004288,31.4922714],"isRenderEnabled":false,"rotationMatrix":[0.999880612,-0.0154503221,0,0.0154503221,0.999880612,0,0,0,1],"scale":[1,1,1.26462102],"shapeName":"/levels/nationals/art/shapes/objects/barrier_concrete1.dae","useInstanceRenderData":true}
{"class":"TSStatic","persistentId":"2bede5ba-0ab3-4d9a-a210-8b67243db7f0","__parent":"MissionGroup","position":[-152.251221,157.004288,31.4922714],"isRenderEnabled":false,"rotationMatrix":[0.999880612,-0.0154503221,0,0.0154503221,0.999880612,0,0,0,1],"scale":[1,1,1.26462102],"shapeName":"/levels/nationals/art/shapes/objects/barrier_concrete1.dae","useInstanceRenderData":true}
{"class":"TSStatic","persistentId":"cd0b61e1-c756-4d9d-8ced-9589e26349cc","__parent":"MissionGroup","position":[-156.251221,157.004288,31.4922714],"isRenderEnabled":false,"rotationMatrix":[0.999880612,-0.0154503221,0,0.0154503221,0.999880612,0,0,0,1],"scale":[1,1,1.26462102],"shapeName":"/levels/nationals/art/shapes/objects/barrier_concrete1.dae","useInstanceRenderData":true}
{"class":"TSStatic","persistentId":"4530db68-2e5f-4c9d-8b57-ed6e82ce74c3","__parent":"MissionGroup","position":[-161.251221,157.004288,31.4922714],"isRenderEnabled":false,"rotationMatrix":[0.999880612,-0.0154503221,0,0.0154503221,0.999880612,0,0,0,1],"scale":[1,1,1.26462102],"shapeName":"/levels/nationals/art/shapes/objects/barrier_concrete1.dae","useInstanceRenderData":true}
{"class":"TSStatic","persistentId":"8b60f8e5-e4af-4f7b-b6c6-b062ebf3f3e9","__parent":"MissionGroup","position":[-166.251221,157.004288,31.4922714],"isRenderEnabled":false,"rotationMatrix":[0.999880612,-0.0154503221,0,0.0154503221,0.999880612,0,0,0,1],"scale":[1,1,1.26462102],"shapeName":"/levels/nationals/art/shapes/objects/barrier_concrete1.dae","useInstanceRenderData":true}
{"class":"TSStatic","persistentId":"88692d71-f65a-45e9-8b1b-0469b2f830f1","__parent":"MissionGroup","position":[-170.251221,157.004288,31.4922714],"isRenderEnabled":false,"rotationMatrix":[0.999880612,-0.0154503221,0,0.0154503221,0.999880612,0,0,0,1],"scale":[1,1,1.26462102],"shapeName":"/levels/nationals/art/shapes/objects/barrier_concrete1.dae","useInstanceRenderData":true}
{"class":"TSStatic","persistentId":"aea4d21e-578b-4ba2-ad33-dac871b88dca","__parent":"MissionGroup","position":[-175.755615,157.004288,30.9255009],"isRenderEnabled":false,"rotationMatrix":[0.999839783,-0.015450323,-0.00904039666,0.0154496916,0.999880612,-0.000139693715,0.00904147513,0,0.999959111],"scale":[1,1,2.16411448],"shapeName":"/levels/nationals/art/shapes/objects/barrier_concrete1.dae","useInstanceRenderData":true}
{"class":"TSStatic","persistentId":"11f8f69a-0ccd-42b7-b631-5cd1e7a5d83c","__parent":"MissionGroup","position":[-180.755417,157.004288,30.9707088],"isRenderEnabled":false,"rotationMatrix":[0.999839783,-0.015450323,-0.00904039666,0.0154496916,0.999880612,-0.000139693715,0.00904147513,0,0.999959111],"scale":[1,1,2.16411448],"shapeName":"/levels/nationals/art/shapes/objects/barrier_concrete1.dae","useInstanceRenderData":true}
{"class":"TSStatic","persistentId":"afe9e555-e9b5-4945-b438-c9ac4be6a16b","__parent":"MissionGroup","position":[-184.755249,157.004288,31.0068741],"isRenderEnabled":false,"rotationMatrix":[0.999839783,-0.015450323,-0.00904039666,0.0154496916,0.999880612,-0.000139693715,0.00904147513,0,0.999959111],"scale":[1,1,2.16411448],"shapeName":"/levels/nationals/art/shapes/objects/barrier_concrete1.dae","useInstanceRenderData":true}
{"class":"TSStatic","persistentId":"b2ea16f8-8d9c-432c-9faa-a3864538dc37","__parent":"MissionGroup","position":[-189.755051,157.004288,31.0520821],"isRenderEnabled":false,"rotationMatrix":[0.999839783,-0.015450323,-0.00904039666,0.0154496916,0.999880612,-0.000139693715,0.00904147513,0,0.999959111],"scale":[1,1,2.16411448],"shapeName":"/levels/nationals/art/shapes/objects/barrier_concrete1.dae","useInstanceRenderData":true}
{"class":"TSStatic","persistentId":"921648ee-15c5-48fd-a9a0-eff9709a5838","__parent":"MissionGroup","position":[-193.754883,157.004288,31.0882492],"isRenderEnabled":false,"rotationMatrix":[0.999839783,-0.015450323,-0.00904039666,0.0154496916,0.999880612,-0.000139693715,0.00904147513,0,0.999959111],"scale":[1,1,2.16411448],"shapeName":"/levels/nationals/art/shapes/objects/barrier_concrete1.dae","useInstanceRenderData":true}
{"class":"TSStatic","persistentId":"9a12dab4-367b-4ada-b34b-5cbe239aecd2","__parent":"MissionGroup","position":[-198.754684,157.004288,31.1334553],"isRenderEnabled":false,"rotationMatrix":[0.999839783,-0.015450323,-0.00904039666,0.0154496916,0.999880612,-0.000139693715,0.00904147513,0,0.999959111],"scale":[1,1,2.16411448],"shapeName":"/levels/nationals/art/shapes/objects/barrier_concrete1.dae","useInstanceRenderData":true}
{"class":"TSStatic","persistentId":"81f87931-329a-4718-bd71-b5c7553cc5f2","__parent":"MissionGroup","position":[-203.258896,157.004288,31.1741829],"isRenderEnabled":false,"rotationMatrix":[0.999839783,-0.015450323,-0.00904039666,0.0154496916,0.999880612,-0.000139693715,0.00904147513,0,0.999959111],"scale":[1,1,2.16411448],"shapeName":"/levels/nationals/art/shapes/objects/barrier_concrete1.dae","useInstanceRenderData":true}
{"class":"TSStatic","persistentId":"9a322d5a-e501-4cf1-a933-b9779f8c2767","__parent":"MissionGroup","position":[-207.258728,157.004288,31.2103481],"isRenderEnabled":false,"rotationMatrix":[0.999839783,-0.015450323,-0.00904039666,0.0154496916,0.999880612,-0.000139693715,0.00904147513,0,0.999959111],"scale":[1,1,2.16411448],"shapeName":"/levels/nationals/art/shapes/objects/barrier_concrete1.dae","useInstanceRenderData":true}
{"class":"TSStatic","persistentId":"302fa528-9eb3-44d2-be97-484c87b99e86","__parent":"MissionGroup","position":[-212.25853,157.004288,31.2555561],"isRenderEnabled":false,"rotationMatrix":[0.999839783,-0.015450323,-0.00904039666,0.0154496916,0.999880612,-0.000139693715,0.00904147513,0,0.999959111],"scale":[1,1,2.16411448],"shapeName":"/levels/nationals/art/shapes/objects/barrier_concrete1.dae","useInstanceRenderData":true}
{"class":"TSStatic","persistentId":"85397a12-3b05-48ca-8194-257cac6f6c43","__parent":"MissionGroup","position":[-217.258316,159,31.3007622],"isRenderEnabled":false,"rotationMatrix":[0.829650164,-0.558210373,-0.0090403948,0.558232188,0.829684734,-0.00013969373,0.00757865608,-0.00493074302,0.999959111],"scale":[1,1,2.16411448],"shapeName":"/levels/nationals/art/shapes/objects/barrier_concrete1.dae","useInstanceRenderData":true}
