{"name":"Building_Medium_01","class":"SFXSpace","persistentId":"85f798bc-17f0-4732-aa44-48aad8f925b4","__parent":"Snapshots","position":[172.02829,312.12384,41.4055443],"rotationMatrix":[0.999972463,-0.00736691616,2.21007213e-10,0.00736678392,0.999972403,-0.000690534711,5.0868739e-06,0.000690515619,0.999999762],"scale":[13.8039589,12.8513069,10],"soundAmbience":"Level_Building_Reverb_Medium"}
{"name":"Building_Medium_02","class":"SFXSpace","persistentId":"c8b52749-e8f7-4051-ac62-15e00e325c4e","__parent":"Snapshots","position":[307.978027,174.332397,29.3711472],"rotationMatrix":[0.697872818,-0.716220617,-9.91349225e-11,0.716220558,0.697872579,-0.000690533721,0.000494574895,0.00048190495,0.999999762],"scale":[11.957077,11.8148003,10],"soundAmbience":"Level_Building_Reverb_Medium"}
{"name":"Reverb_Rocks_01","class":"SFXSpace","persistentId":"4a99d664-5ab2-4caf-9069-e011ca9c1336","__parent":"Snapshots","position":[-403.492889,-253.908173,23.8242149],"rotationMatrix":[0.96527344,0.261241406,0,-0.261241406,0.96527344,0,0,0,1],"scale":[39.6463966,34.2994423,19.9840069],"soundAmbience":"Reverb_SI_Rocks"}
{"name":"Reverb_Rocks_02","class":"SFXSpace","persistentId":"8cd295c4-a107-401a-9542-6fcb289805bf","__parent":"Snapshots","position":[-407.178345,-226.329498,23.3563519],"rotationMatrix":[0.82861048,-0.559824347,0,0.559824347,0.82861048,0,0,0,1],"scale":[26.7726707,11.6617842,19.9840069],"soundAmbience":"Reverb_SI_Rocks"}
{"name":"Reverb_Rocks_03","class":"SFXSpace","persistentId":"b9ed9d36-c696-42d1-bbf3-1c089d01d3f0","__parent":"Snapshots","position":[-392.807343,-272.838318,23.1835232],"rotationMatrix":[0.461399436,-0.887192428,0,0.887192428,0.461399436,0,0,0,1],"scale":[19.5359993,11.6617842,19.9840069],"soundAmbience":"Reverb_SI_Rocks"}
{"name":"Snapshot_Tunnel_B","class":"SFXSpace","persistentId":"37a6047a-c9ee-457c-a5d5-2fd7278399f5","__parent":"Snapshots","position":[-16.959507,-400.20459,10.421979],"cloneOrigin":"Wind_Vegetation_24","rotationMatrix":[-0.999225259,-0.039350152,0,0.039350152,-0.999225259,0,0,0,1],"scale":[39.3247337,11.7161703,51.8976784],"soundAmbience":"Level_Tunnel_Open_Dynamic"}
{"name":"Snapshot_Tunnel_B_In","class":"SFXEmitter","persistentId":"10c9cf5a-d835-4886-8b81-4d84dde61214","__parent":"Snapshots","position":[-33.0479622,-402.303253,31.5977287],"cloneOrigin":"Snapshot_Tunnel_A","fadeInTime":0,"fadeOutTime":0,"isLooping":false,"maxDistance":15,"scale":[15,15,15],"track":"event:>Snapshot Events>Snapshot_SI_Tunnel_B_Position","useTrackDescriptionOnly":true}
{"name":"Snapshot_Tunnel_B_Out","class":"SFXEmitter","persistentId":"e471e6c7-6bc0-4bfc-921e-6621b25baf08","__parent":"Snapshots","position":[-1.42903173,-399.698853,30.9827538],"cloneOrigin":"Snapshot_Tunnel_A1","fadeInTime":0,"fadeOutTime":0,"isLooping":false,"maxDistance":15,"scale":[15,15,15],"track":"event:>Snapshot Events>Snapshot_SI_Tunnel_B_Position","useTrackDescriptionOnly":true}
