{"name":"SimGroup_n","class":"SimGroup","persistentId":"5a6d2aa9-3578-4c9f-8e97-bce73d38b4f0","__parent":"MissionGroup","groupPosition":"122.504562 -411.701141 36.595329"}
{"name":"SimGroup_n","class":"SimGroup","persistentId":"5a6d2aa9-3578-4c9f-8e97-bce73d38b4f0","__parent":"MissionGroup","groupPosition":"122.504562 -411.701141 36.595329"}
{"class":"TSStatic","persistentId":"0374fd11-384e-4d74-aed1-54e7d36486e6","__parent":"SimGroup_n","position":[2.891716003417969,0.50970458984375,0.251373291015625],"decalType":"Visible Mesh","isRenderEnabled":false,"rotationMatrix":[0.8790856003761292,0.2926691770553589,-0.3762357532978058,-0.1444707810878754,-0.5885907411575317,-0.7954177260398865,-0.4542431235313416,0.7535952925682068,-0.4751394689083099],"shapeName":"/levels/nationals/art/shapes/rocks/eca_rock_medium_2.dae"}
{"class":"TSStatic","persistentId":"0b1a8e76-4f94-4df9-80ad-129181b2331f","__parent":"SimGroup_n","position":[-2.877479553222656,0.99774169921875,1.764488220214844],"decalType":"Visible Mesh","isRenderEnabled":false,"rotationMatrix":[0.3336111903190613,0.3248060345649719,-0.88498854637146,-0.8887941837310791,0.4212991297245026,-0.1804217398166656,0.3142427802085876,0.8467633128166199,0.4292357861995697],"shapeName":"/levels/nationals/art/shapes/rocks/eca_rock_small_4.dae"}
{"class":"TSStatic","persistentId":"117150d3-0ad7-4018-b0e9-fa5f4fced4de","__parent":"SimGroup_n","position":[-1.494941711425781,0.1641845703125,1.167304992675781],"decalType":"Visible Mesh","isRenderEnabled":false,"rotationMatrix":[0.9924243092536926,-0.02988858334720135,-0.1191664636135101,-0.1153969168663025,-0.5596314072608948,-0.8206681609153748,-0.04216069355607033,0.828202486038208,-0.5588408708572388],"shapeName":"/levels/nationals/art/shapes/rocks/eca_rock_small_3.dae"}
{"class":"TSStatic","persistentId":"205a0084-4f0d-4176-a07f-7db6aa1da840","__parent":"SimGroup_n","position":[-4.77325439453125,-0.302978515625,-0.03779220581054688],"decalType":"Visible Mesh","isRenderEnabled":false,"rotationMatrix":[-0.1384597718715668,-0.8760838508605957,0.4618507027626038,0.08102839440107346,-0.4748001098632813,-0.876355767250061,0.9870477914810181,-0.08391699194908142,0.1367283761501312],"shapeName":"/levels/nationals/art/shapes/rocks/eca_rock_medium_2.dae"}
{"class":"TSStatic","persistentId":"360e5736-f2c0-4899-b163-1c5aea7ee1f3","__parent":"SimGroup_n","position":[5.986343383789063,0.22247314453125,-1.091499328613281],"decalType":"Visible Mesh","isRenderEnabled":false,"rotationMatrix":[0.02353285066783428,0.6935248374938965,0.7200483083724976,-0.9906309843063354,-0.08074025064706802,0.11014224588871,0.1345232576131821,-0.7158941626548767,0.6851271390914917],"shapeName":"/levels/nationals/art/shapes/rocks/eca_rock_big_narrow.dae"}
{"class":"TSStatic","persistentId":"3ae9953c-03a3-415a-8ab3-d889f9c04623","__parent":"SimGroup_n","position":[0.9949111938476563,-0.377349853515625,-0.8086357116699219],"decalType":"Visible Mesh","isRenderEnabled":false,"rotationMatrix":[-0.01305199135094881,-0.7579836249351501,0.6521429419517517,-0.9996433258056641,0.02509008534252644,0.009155262261629105,-0.023301862180233,-0.6517908573150635,-0.758040726184845],"shapeName":"/levels/nationals/art/shapes/rocks/eca_rock_medium_1.dae"}
{"class":"TSStatic","persistentId":"4732bd20-b24d-441f-937a-cf46c53c3b01","__parent":"SimGroup_n","position":[-2.463447570800781,0.8388671875,1.166511535644531],"decalType":"Visible Mesh","isRenderEnabled":false,"rotationMatrix":[0.7378817200660706,0.4705528616905212,-0.4838498830795288,-0.1297842115163803,-0.6045865416526794,-0.7858952283859253,-0.6623343229293823,0.6426936984062195,-0.3850429356098175],"shapeName":"/levels/nationals/art/shapes/rocks/eca_rock_small.dae"}
{"class":"TSStatic","persistentId":"663efa19-6b81-4305-b641-81652a0ac7b3","__parent":"SimGroup_n","position":[-2.60272216796875,-0.8919677734375,-0.8339691162109375],"decalType":"Visible Mesh","isRenderEnabled":false,"rotationMatrix":[0.5351427793502808,0.6564828157424927,-0.531650722026825,-0.06455056369304657,-0.5957320928573608,-0.8005850911140442,-0.8422917723655701,0.4627456963062286,-0.2764253914356232],"shapeName":"/levels/nationals/art/shapes/rocks/eca_rock_medium_2.dae"}
{"class":"TSStatic","persistentId":"67148e37-974c-4a34-8c4c-c78d5be862e0","__parent":"SimGroup_n","position":[-1.441658020019531,-0.29351806640625,0.695526123046875],"decalType":"Visible Mesh","isRenderEnabled":false,"rotationMatrix":[0.9924243688583374,-0.02988852746784687,-0.1191663816571236,0.05367206037044525,0.97797691822052,0.2016942352056503,0.1105136126279831,-0.2065621763467789,0.9721722006797791],"shapeName":"/levels/nationals/art/shapes/rocks/eca_rock_small_3.dae"}
{"class":"TSStatic","persistentId":"73901e0e-f8d3-498d-a073-c7d1ab730302","__parent":"SimGroup_n","position":[4.0029296875,0.8531494140625,0.7389717102050781],"decalType":"Visible Mesh","isRenderEnabled":false,"rotationMatrix":[-0.03077449277043343,0.7576844692230225,-0.6518951654434204,0.06892865151166916,-0.649042546749115,-0.7576229572296143,-0.9971468448638916,-0.06824970990419388,-0.03225221484899521],"shapeName":"/levels/nationals/art/shapes/rocks/eca_rock_small.dae"}
{"class":"TSStatic","persistentId":"8033ea35-15cc-4ea8-8e49-4662793ca005","__parent":"SimGroup_n","position":[-0.433868408203125,0.210784912109375,0.2567939758300781],"decalType":"Visible Mesh","isRenderEnabled":false,"rotationMatrix":[-0.3595651984214783,0.6782127618789673,-0.64089035987854,-0.06865988671779633,-0.7041930556297302,-0.7066808938980103,-0.9305905103683472,-0.2100943922996521,0.2997693121433258],"shapeName":"/levels/nationals/art/shapes/rocks/eca_rock_medium_2.dae"}
{"class":"TSStatic","persistentId":"85acc87c-01e7-4532-82df-150a90c1c899","__parent":"SimGroup_n","position":[0.1085891723632813,-1.19171142578125,-1.462142944335938],"decalType":"Visible Mesh","isRenderEnabled":false,"rotationMatrix":[-0.001732019823975861,-0.8484510779380798,-0.5292710661888123,0.99632728099823,0.04384700581431389,-0.07354963570833206,0.08561021089553833,-0.5274544954299927,0.8452589511871338],"shapeName":"/levels/nationals/art/shapes/rocks/eca_rock_medium_1.dae"}
{"class":"TSStatic","persistentId":"85eedcd7-9bfb-4e68-b60a-6e9f5fcc047b","__parent":"SimGroup_n","position":[-4.876976013183594,-1.370208740234375,-2.429191589355469],"isRenderEnabled":false,"rotationMatrix":[0.2429567873477936,0.8812046051025391,-0.4055292308330536,0.04056534916162491,0.4084594249725342,0.9118743538856506,0.9691901803016663,-0.2379946112632751,0.0634918138384819],"shapeName":"/levels/nationals/art/shapes/rocks/eca_rock_medium_1.dae"}
{"class":"TSStatic","persistentId":"885a9b41-5d87-43d8-8d78-2451f608bf0f","__parent":"SimGroup_n","position":[2.842338562011719,-0.676116943359375,-1.725162506103516],"decalType":"Visible Mesh","isRenderEnabled":false,"rotationMatrix":[-0.07178445160388947,-0.210607647895813,-0.974931538105011,0.9963079690933228,0.03100636601448059,-0.08005649596452713,0.0470895953476429,-0.977078914642334,0.2076043039560318],"shapeName":"/levels/nationals/art/shapes/rocks/eca_rock_medium_2.dae"}
{"class":"TSStatic","persistentId":"94acedbe-33c6-40a2-8dfa-71a2de3fbb99","__parent":"SimGroup_n","position":[4.916412353515625,0.94622802734375,0.009647369384765625],"decalType":"Visible Mesh","isRenderEnabled":false,"rotationMatrix":[-0.9802483916282654,-0.182040736079216,-0.07729373872280121,0.1778313219547272,-0.6402994990348816,-0.7472568154335022,0.08654003590345383,-0.7462424635887146,0.6600250005722046],"shapeName":"/levels/nationals/art/shapes/rocks/eca_rock_medium_2.dae"}
{"class":"TSStatic","persistentId":"ab74824f-61a1-4bce-a719-0f7ccb8aafec","__parent":"SimGroup_n","position":[5.864913940429688,0.424957275390625,-0.2387733459472656],"decalType":"Visible Mesh","isRenderEnabled":false,"rotationMatrix":[-0.106847457587719,-0.752072811126709,0.6503616571426392,-0.1787713021039963,-0.6289148330688477,-0.7566419839859009,0.9780718684196472,-0.1971112787723541,-0.06725108623504639],"shapeName":"/levels/nationals/art/shapes/rocks/eca_rock_small.dae"}
{"class":"TSStatic","persistentId":"b4466794-c434-4166-ad57-9899a1d1dadf","__parent":"SimGroup_n","position":[-3.207145690917969,0.144073486328125,0.8338699340820313],"decalType":"Visible Mesh","isRenderEnabled":false,"rotationMatrix":[0.9847620725631714,-0.1639922112226486,0.05788186565041542,0.02405783161520958,0.4580937623977661,0.8885782957077026,-0.1722352355718613,-0.8736457228660583,0.4550586640834808],"shapeName":"/levels/nationals/art/shapes/rocks/eca_rock_medium_1.dae"}
{"class":"TSStatic","persistentId":"c4c14822-560f-4ece-a1e9-e2e2619a0814","__parent":"SimGroup_n","position":[-4.308029174804688,0.859283447265625,1.499526977539063],"decalType":"Visible Mesh","isRenderEnabled":false,"rotationMatrix":[0.5003731250762939,0.341082364320755,0.7957948446273804,0.8371343016624451,0.04400013014674187,-0.5452249646186829,-0.2209816575050354,0.9390031099319458,-0.2635152637958527],"shapeName":"/levels/nationals/art/shapes/rocks/eca_rock_small_3.dae"}
{"class":"TSStatic","persistentId":"cc9a14c1-00e6-4ed4-93ad-778b2fda6825","__parent":"SimGroup_n","position":[-2.300651550292969,-0.11651611328125,1.096611022949219],"decalType":"Visible Mesh","isRenderEnabled":false,"rotationMatrix":[-0.7708004117012024,0.5076587200164795,-0.3849018812179565,-0.01348758116364479,-0.6170369386672974,-0.7868186235427856,-0.6369339823722839,-0.6012886762619019,0.4824593961238861],"shapeName":"/levels/nationals/art/shapes/rocks/eca_rock_small.dae"}
{"class":"TSStatic","persistentId":"d1dff33c-bf24-4686-a63f-880f8ed2c9ab","__parent":"SimGroup_n","position":[1.544929504394531,0.44317626953125,0.4463729858398438],"decalType":"Visible Mesh","isRenderEnabled":false,"rotationMatrix":[0.02354735322296619,-0.8608307838439941,0.5083463788032532,-0.08922851085662842,-0.5082676410675049,-0.8565642833709717,0.9957327842712402,-0.02518916130065918,-0.08877899497747421],"shapeName":"/levels/nationals/art/shapes/rocks/eca_rock_medium_1.dae"}
{"class":"TSStatic","persistentId":"e0ab7ae2-51fe-4890-a655-518041771a17","__parent":"SimGroup_n","position":[-1.508773803710938,-1.33441162109375,-0.9709396362304688],"decalType":"Visible Mesh","isRenderEnabled":false,"rotationMatrix":[-0.9871412515640259,0.1242198720574379,-0.1005742400884628,-0.002950780326500535,-0.6433059573173523,-0.7656024694442749,-0.1598067432641983,-0.7554638981819153,0.6354014873504639],"shapeName":"/levels/nationals/art/shapes/rocks/eca_rock_medium_2.dae"}
{"class":"TSStatic","persistentId":"e8704a8a-5480-4f0a-aed8-60bc193dde56","__parent":"SimGroup_n","position":[0.6977767944335938,0.235015869140625,0.8022422790527344],"decalType":"Visible Mesh","isRenderEnabled":false,"rotationMatrix":[0.9943349361419678,-0.02924279682338238,-0.1021907180547714,-0.1012450531125069,-0.5533121228218079,-0.826798141002655,-0.03236547112464905,0.8324605822563171,-0.553138256072998],"shapeName":"/levels/nationals/art/shapes/rocks/eca_rock_small.dae"}
{"class":"TSStatic","persistentId":"fad858c1-c2dd-48a6-9014-d2165400447e","__parent":"SimGroup_n","position":[6.261825561523438,1.0740966796875,0.4834442138671875],"decalType":"Visible Mesh","isRenderEnabled":false,"rotationMatrix":[0.9924243092536926,-0.02988858334720135,-0.1191664636135101,-0.1153969168663025,-0.5596314072608948,-0.8206681609153748,-0.04216069355607033,0.828202486038208,-0.5588408708572388],"shapeName":"/levels/nationals/art/shapes/rocks/eca_rock_small_3.dae"}
{"class":"TSStatic","persistentId":"fb4c8a28-423f-4a2f-8b41-a51945be4df1","__parent":"SimGroup_n","position":[-3.823867797851563,-1.368621826171875,-1.614639282226563],"decalType":"Visible Mesh","isRenderEnabled":false,"rotationMatrix":[-0.3649798035621643,-0.7389809489250183,0.566301167011261,0.01290639583021402,0.6041873693466187,0.7967378497123718,-0.9309259653091431,0.2981020510196686,-0.2109785825014114],"shapeName":"/levels/nationals/art/shapes/rocks/eca_rock_medium_1.dae"}
