{"name":"SimGroup_n","class":"SimGroup","persistentId":"10880785-2667-4e82-9aca-6b7223378970","__parent":"MissionGroup","groupPosition":"79.480812 -412.684509 42.994091"}
{"name":"SimGroup_n","class":"SimGroup","persistentId":"10880785-2667-4e82-9aca-6b7223378970","__parent":"MissionGroup","groupPosition":"79.480812 -412.684509 42.994091"}
{"name":"rock_big11","class":"TSStatic","persistentId":"0a259800-30bf-4de7-9224-d852c80c0bbe","__parent":"SimGroup_n","position":[2.642318725585938,0.2095947265625,-1.210498809814453],"isRenderEnabled":false,"rotationMatrix":[1,0,0,0,0.3929673433303833,0.9195525646209717,0,-0.9195525646209717,0.3929673433303833],"shapeName":"/levels/nationals/art/shapes/rocks/eca_rock_big_narrow.dae"}
{"class":"TSStatic","persistentId":"27708ad8-c586-4a76-a76f-388056d658ca","__parent":"SimGroup_n","position":[-1.431831359863281,-1.397369384765625,-1.434192657470703],"decalType":"Visible Mesh","isRenderEnabled":false,"rotationMatrix":[-0.9100445508956909,0.363413542509079,-0.1993642747402191,0.03724564611911774,0.5507233142852783,0.8338597416877747,0.4128287434577942,0.7514243721961975,-0.5147125124931335],"shapeName":"/levels/nationals/art/shapes/rocks/eca_rock_medium_2.dae"}
{"class":"TSStatic","persistentId":"4230e61c-69ac-484d-9b14-cd9eed4030a5","__parent":"SimGroup_n","position":[-1.597541809082031,0.055206298828125,0.8494377136230469],"decalType":"Visible Mesh","isRenderEnabled":false,"rotationMatrix":[-0.2461204081773758,0.8031176328659058,-0.5426101088523865,0.02616412937641144,-0.5541213750839233,-0.8320243358612061,-0.9688853025436401,-0.2189750671386719,0.1153678670525551],"shapeName":"/levels/nationals/art/shapes/rocks/eca_rock_medium_1.dae"}
{"class":"TSStatic","persistentId":"440798f4-cb8b-49b5-ac29-769784be0bbb","__parent":"SimGroup_n","position":[-2.689498901367188,-0.285369873046875,0.9627609252929688],"decalType":"Visible Mesh","isRenderEnabled":false,"rotationMatrix":[0.8867555856704712,-0.4549342691898346,0.08184004575014114,-0.1470888257026672,-0.4455660879611969,-0.8830829858779907,0.4382098913192749,0.7710410952568054,-0.4620246589183807],"shapeName":"/levels/nationals/art/shapes/rocks/eca_rock_medium_2.dae"}
{"class":"TSStatic","persistentId":"58c8f51b-d272-4346-9b48-cf83712d86f3","__parent":"SimGroup_n","position":[-2.749671936035156,-1.704345703125,-1.482994079589844],"decalType":"Visible Mesh","isRenderEnabled":false,"rotationMatrix":[-0.003056687768548727,0.8318098187446594,-0.5550561547279358,-0.05177927762269974,-0.5544462203979492,-0.8306048512458801,-0.998650848865509,0.02620621025562286,0.04476570338010788],"shapeName":"/levels/nationals/art/shapes/rocks/eca_rock_medium_2.dae"}
{"class":"TSStatic","persistentId":"5cb095aa-b4f6-4c4d-a830-f51248a07ee5","__parent":"SimGroup_n","position":[0.7449874877929688,0.369842529296875,0.6986351013183594],"decalType":"Visible Mesh","isRenderEnabled":false,"rotationMatrix":[0.8266995549201965,-0.4377840161323547,0.3534314036369324,0.1275527775287628,-0.4659856855869293,-0.8755500912666321,0.5479934215545654,0.7688978910446167,-0.3293911814689636],"shapeName":"/levels/nationals/art/shapes/rocks/eca_rock_small.dae"}
{"class":"TSStatic","persistentId":"8e2b6977-4491-4f10-bf6e-21497cc7281b","__parent":"SimGroup_n","position":[-0.2027816772460938,-1.3677978515625,-1.658424377441406],"decalType":"Visible Mesh","isRenderEnabled":false,"rotationMatrix":[0.4148731529712677,-0.7329545021057129,0.5391314625740051,0.04690134152770042,-0.5745164752006531,-0.8171504735946655,0.908671498298645,0.3642997145652771,-0.2039765417575836],"shapeName":"/levels/nationals/art/shapes/rocks/eca_rock_medium_1.dae"}
{"class":"TSStatic","persistentId":"b0887231-4c9d-48e5-993d-7ff320f4c3e2","__parent":"SimGroup_n","position":[0.7753372192382813,1.311859130859375,1.489620208740234],"isRenderEnabled":false,"rotationMatrix":[-0.6234439015388489,-0.1107004582881927,0.773991584777832,0.5644114017486572,0.6213298439979553,0.5434973835945129,-0.5410684943199158,0.7756902575492859,-0.3248843550682068],"shapeName":"/levels/nationals/art/shapes/rocks/eca_rock_small_3.dae"}
{"class":"TSStatic","persistentId":"b2037df7-6cc8-467e-9e87-935eaae15ac9","__parent":"SimGroup_n","position":[1.045768737792969,0.930328369140625,1.479228973388672],"isRenderEnabled":false,"rotationMatrix":[-0.9369359612464905,0.1755684316158295,0.3021975457668304,0.325413703918457,0.7536460161209106,0.5710728764533997,-0.127487987279892,0.6333999037742615,-0.7632514834403992],"shapeName":"/levels/nationals/art/shapes/rocks/eca_rock_small_3.dae"}
{"class":"TSStatic","persistentId":"c168ae73-1eab-4aa1-b961-befa7e475318","__parent":"SimGroup_n","position":[1.026313781738281,-0.882476806640625,-1.428653717041016],"decalType":"Visible Mesh","isRenderEnabled":false,"rotationMatrix":[0.9870653748512268,-0.1023936048150063,0.1233397573232651,0.05421745404601097,-0.5108359456062317,-0.8579657673835754,0.1508564054965973,0.8535574078559875,-0.4986794292926788],"shapeName":"/levels/nationals/art/shapes/rocks/eca_rock_medium_1.dae"}
{"class":"TSStatic","persistentId":"ca8bfe13-43fb-4b5e-898f-da81f6e9bf81","__parent":"SimGroup_n","position":[2.429634094238281,0.31292724609375,-0.8488273620605469],"decalType":"Visible Mesh","isRenderEnabled":false,"rotationMatrix":[0.8093847036361694,0.5872032642364502,-0.009345115162432194,-0.2108730971813202,0.3054394125938416,0.9285683035850525,0.548112690448761,-0.7495983242988586,0.3710439503192902],"shapeName":"/levels/nationals/art/shapes/rocks/eca_rock_small.dae"}
{"class":"TSStatic","persistentId":"e0cf0ee8-8e85-4dc6-9a6a-aac4336e7fe4","__parent":"SimGroup_n","position":[1.769065856933594,0.71588134765625,0.3091812133789063],"decalType":"Visible Mesh","isRenderEnabled":false,"rotationMatrix":[0.5404624938964844,-0.7986068725585938,0.2648131251335144,-0.04675150662660599,-0.3427598178386688,-0.938258945941925,0.8400673270225525,0.4947133958339691,-0.2225852310657501],"shapeName":"/levels/nationals/art/shapes/rocks/eca_rock_medium_2.dae"}
{"class":"TSStatic","persistentId":"eb1c134e-8bd6-4991-81ee-8d46d69bd629","__parent":"SimGroup_n","position":[-2.223396301269531,0.756561279296875,1.36749267578125],"decalType":"Visible Mesh","isRenderEnabled":false,"rotationMatrix":[-0.9937005639076233,-0.09790340065956116,0.05452362075448036,-0.004350423812866211,0.5198841094970703,0.8542255163192749,-0.1119775325059891,0.8486071228981018,-0.5170357823371887],"shapeName":"/levels/nationals/art/shapes/rocks/eca_rock_small.dae"}
{"class":"TSStatic","persistentId":"f138c72e-6a51-48b7-8316-ce814459470b","__parent":"SimGroup_n","position":[-0.3332138061523438,0.382568359375,0.7680931091308594],"decalType":"Visible Mesh","isRenderEnabled":false,"rotationMatrix":[0.5889475345611572,0.6723778247833252,-0.4483834207057953,-0.1114953011274338,-0.4819079041481018,-0.8690991401672363,-0.8004423975944519,0.5618463754653931,-0.2088518142700195],"shapeName":"/levels/nationals/art/shapes/rocks/eca_rock_medium_2.dae"}
{"class":"TSStatic","persistentId":"fccfa7f7-2496-408d-80ad-4a0072b0da34","__parent":"SimGroup_n","position":[0.7943801879882813,0.59234619140625,0.1390876770019531],"decalType":"Visible Mesh","isRenderEnabled":false,"rotationMatrix":[-0.9676036238670349,-0.2292332053184509,0.1058009639382362,0.02598322927951813,-0.5072516202926636,-0.8614059686660767,0.2511305809020996,-0.830750584602356,0.4967754781246185],"shapeName":"/levels/nationals/art/shapes/rocks/eca_rock_small.dae"}
