{"name":"SimGroup_n","class":"SimGroup","persistentId":"c7231ae1-8992-4c33-9787-717e0f443654","__parent":"MissionGroup","groupPosition":"64.375107 -446.296814 50.706799"}
{"name":"SimGroup_n","class":"SimGroup","persistentId":"c7231ae1-8992-4c33-9787-717e0f443654","__parent":"MissionGroup","groupPosition":"64.375107 -446.296814 50.706799"}
{"class":"TSStatic","persistentId":"2f6f6bdc-929f-4338-8ce3-3554676dfc1a","__parent":"SimGroup_n","position":[0.1206207275390625,-0.45452880859375,0.1946067810058594],"isRenderEnabled":false,"rotationMatrix":[0.9975199103355408,0.008497589267790318,0.06988576054573059,-0.07013832777738571,0.03432928398251534,0.9969469904899597,0.006072195246815681,-0.9993725419044495,0.03484021872282028],"shapeName":"/levels/nationals/art/shapes/rocks/eca_rock_big_narrow.dae"}
{"class":"TSStatic","persistentId":"3c0e7a96-3068-445f-bf69-e5e47daa8caa","__parent":"SimGroup_n","position":[-1.418617248535156,0.272674560546875,1.290489196777344],"isRenderEnabled":false,"rotationMatrix":[-0.1178442686796188,-0.9923132061958313,0.03779831156134605,-0.05657675862312317,-0.03129065781831741,-0.997908890247345,0.9914234280586243,-0.1197353079915047,-0.0524548701941967],"shapeName":"/levels/nationals/art/shapes/rocks/eca_rock_medium_2.dae"}
{"class":"TSStatic","persistentId":"7887dd2a-ee82-4a6f-a707-4d30f14c3de5","__parent":"SimGroup_n","position":[2.109046936035156,0.124908447265625,-1.081699371337891],"isRenderEnabled":false,"rotationMatrix":[0.4349954128265381,0.900418758392334,-0.004969104193150997,0.03483449667692184,-0.01131377369165421,0.9993277192115784,0.8997585773468018,-0.4348770678043365,-0.03628735989332199],"shapeName":"/levels/nationals/art/shapes/rocks/eca_rock_medium_1.dae"}
{"class":"TSStatic","persistentId":"7aa17c80-052b-4589-8c8d-90a83edf3e21","__parent":"SimGroup_n","position":[-1.682117462158203,-0.07025146484375,-1.060592651367188],"isRenderEnabled":false,"rotationMatrix":[-0.5094667077064514,-0.8604733347892761,-0.004969144240021706,-0.0337553508579731,0.01421480812132359,0.9993303418159485,-0.8598259687423706,0.5092927217483521,-0.03628739342093468],"shapeName":"/levels/nationals/art/shapes/rocks/eca_rock_medium_1.dae"}
{"class":"TSStatic","persistentId":"81d43e00-664e-4075-bdca-47bb011a5fd0","__parent":"SimGroup_n","position":[1.692718505859375,0.043701171875,1.553863525390625],"isRenderEnabled":false,"rotationMatrix":[0.986704409122467,-0.1397990435361862,-0.08288273960351944,-0.08435484766960144,-0.004631448537111282,-0.9964229464530945,0.1389141529798508,0.9901676774024963,-0.01636194065213203],"shapeName":"/levels/nationals/art/shapes/rocks/eca_rock_medium_1.dae"}
{"class":"TSStatic","persistentId":"eca12370-3e55-4847-93e1-31d89bd862f1","__parent":"SimGroup_n","position":[-0.82171630859375,0.083526611328125,-0.8966827392578125],"isRenderEnabled":false,"rotationMatrix":[0.1224442645907402,-0.9923141002655029,-0.01798020675778389,-0.1076528057456017,-0.03129043430089951,0.9936975836753845,-0.9866248965263367,-0.1197363957762718,-0.1106547638773918],"shapeName":"/levels/nationals/art/shapes/rocks/eca_rock_medium_2.dae"}
