{"name":"SimGroup_n","class":"SimGroup","persistentId":"87ed6257-7932-4645-a362-4039190eb4a7","__parent":"MissionGroup","groupPosition":"27.509861 -429.220032 32.339798"}
{"name":"SimGroup_n","class":"SimGroup","persistentId":"87ed6257-7932-4645-a362-4039190eb4a7","__parent":"MissionGroup","groupPosition":"27.509861 -429.220032 32.339798"}
{"class":"TSStatic","persistentId":"08c9aab8-4b75-4f51-bc3c-8e3af83ced35","__parent":"SimGroup_n","position":[0.3562736511230469,1.8873291015625,-0.04795074462890625],"isRenderEnabled":false,"rotationMatrix":[0.009922178462147713,0.2093138098716736,-0.9777989387512207,0.9948415160179138,0.09662135690450668,0.03077772445976734,0.100921206176281,-0.9730608463287354,-0.2072754800319672],"shapeName":"/levels/nationals/art/shapes/rocks/eca_rock_small.dae"}
{"class":"TSStatic","persistentId":"2da0ae04-8d2b-4468-bd9b-e58381bdcf79","__parent":"SimGroup_n","position":[1.111068725585938,0.469970703125,0.2547340393066406],"isRenderEnabled":false,"rotationMatrix":[-0.1270783841609955,-0.9918582439422607,-0.007420314010232687,-0.9901807904243469,0.1272954046726227,-0.05781126767396927,0.05828773975372314,1.983172523978283e-06,-0.9983019232749939],"shapeName":"/levels/nationals/art/shapes/rocks/eca_rock_big_narrow.dae"}
{"class":"TSStatic","persistentId":"5a77a005-ecd2-41d1-a656-703dbe22cdde","__parent":"SimGroup_n","position":[1.482540130615234,-1.328826904296875,-0.196929931640625],"isRenderEnabled":false,"rotationMatrix":[-0.07817020267248154,0.991382360458374,-0.1051225587725639,0.9830474853515625,0.09419337660074234,0.1573041826486588,0.1658510863780975,-0.09104406088590622,-0.9819409251213074],"shapeName":"/levels/nationals/art/shapes/rocks/eca_rock_small_3.dae"}
{"class":"TSStatic","persistentId":"5addaa85-4f4b-46ba-878a-bcd2e1c2b0fb","__parent":"SimGroup_n","position":[-6.2598876953125,-0.02325439453125,-0.04854965209960938],"isRenderEnabled":false,"rotationMatrix":[-0.966191828250885,0.224702000617981,-0.1263902336359024,0.2302972227334976,0.9726142883300781,-0.03137011826038361,0.1158782690763474,-0.05941630154848099,-0.9914824366569519],"shapeName":"/levels/nationals/art/shapes/rocks/eca_rock_medium_1.dae"}
{"class":"TSStatic","persistentId":"7248d3d8-6337-4357-950c-803605ad0235","__parent":"SimGroup_n","position":[-3.65690803527832,1.64849853515625,-0.09133529663085938],"isRenderEnabled":false,"rotationMatrix":[-0.1048466339707375,-0.9920935034751892,-0.0689234584569931,0.9906543493270874,-0.09811107069253922,-0.09476399421691895,0.08725365996360779,-0.07821978628635406,0.9931082725524902],"shapeName":"/levels/nationals/art/shapes/rocks/eca_rock_small.dae"}
{"class":"TSStatic","persistentId":"92da7705-05fa-4d1c-a824-f1837bf5b75d","__parent":"SimGroup_n","position":[4.183917999267578,0.073883056640625,0.3381576538085938],"isRenderEnabled":false,"rotationMatrix":[0.4492747783660889,0.209308847784996,0.8685253858566284,-0.8933539390563965,0.0966254323720932,0.4388363063335419,0.00793315377086401,-0.9730618596076965,0.2304006069898605],"shapeName":"/levels/nationals/art/shapes/rocks/eca_rock_small.dae"}
{"class":"TSStatic","persistentId":"a87f01ef-01f9-4643-a135-14150dd64778","__parent":"SimGroup_n","position":[-4.790681838989258,-1.063079833984375,-0.1224441528320313],"isRenderEnabled":false,"rotationMatrix":[-0.1125637665390968,0.787524402141571,-0.6059166193008423,-0.9936439990997314,-0.08921380341053009,0.06864037364721298,-1.199231860482541e-07,0.6097922325134277,0.7925629019737244],"shapeName":"/levels/nationals/art/shapes/rocks/eca_rock_medium_2.dae"}
{"class":"TSStatic","persistentId":"b70bce1d-616c-4525-b94f-7e2fb4f2fd2d","__parent":"SimGroup_n","position":[-1.413810729980469,-0.835296630859375,-0.1382637023925781],"isRenderEnabled":false,"rotationMatrix":[0.1102298423647881,-0.8726190328598022,0.475798636674881,0.9922508001327515,0.06898228824138641,-0.1033629775047302,0.05737514048814774,0.4835053980350494,0.8734598159790039],"shapeName":"/levels/nationals/art/shapes/rocks/eca_rock_medium_2.dae"}
{"class":"TSStatic","persistentId":"d227ada7-4360-4f90-ab36-8faa5f28449c","__parent":"SimGroup_n","position":[4.085868835449219,-0.430633544921875,0.2961540222167969],"isRenderEnabled":false,"rotationMatrix":[-0.1168339923024178,-0.9605923891067505,-0.2521973252296448,0.8678910136222839,0.02469254843890667,-0.4961330592632294,0.4828088581562042,-0.2768490314483643,0.8308103084564209],"shapeName":"/levels/nationals/art/shapes/rocks/eca_rock_small.dae"}
{"class":"TSStatic","persistentId":"d31d1212-3fb6-4b20-b4eb-20da33d04dbf","__parent":"SimGroup_n","position":[1.277866363525391,0.782958984375,-0.1111831665039063],"isRenderEnabled":false,"rotationMatrix":[-0.966191828250885,0.224702000617981,-0.1263902336359024,0.2302972227334976,0.9726142883300781,-0.03137011826038361,0.1158782690763474,-0.05941630154848099,-0.9914824366569519],"shapeName":"/levels/nationals/art/shapes/rocks/eca_rock_medium_1.dae"}
{"class":"TSStatic","persistentId":"dcd73abd-79f8-41b8-9cf9-1363bd84d40e","__parent":"SimGroup_n","position":[3.211711883544922,-1.250885009765625,-0.3374557495117188],"isRenderEnabled":false,"rotationMatrix":[0.1624446958303452,0.9867180585861206,0,-0.9867180585861206,0.1624446958303452,0,0,0,1],"shapeName":"/levels/nationals/art/shapes/rocks/eca_rock_medium_1.dae"}
{"class":"TSStatic","persistentId":"e33cef0d-9de9-46f5-91eb-d67a0392b1bf","__parent":"SimGroup_n","position":[-3.79139518737793,0.300323486328125,0.390869140625],"isRenderEnabled":false,"rotationMatrix":[0.1272910684347153,-0.9918643236160278,0,0.9918643236160278,0.1272910684347153,0,0,0,1],"shapeName":"/levels/nationals/art/shapes/rocks/eca_rock_big_narrow.dae"}
{"class":"TSStatic","persistentId":"ebd91650-2fb9-4e76-8b2b-893a86967bf9","__parent":"SimGroup_n","position":[0.9302101135253906,-1.217742919921875,-0.1792526245117188],"isRenderEnabled":false,"rotationMatrix":[0.7919197082519531,-0.6106252074241638,3.105960786342621e-07,-0.4390546679496765,-0.5694117546081543,-0.6949833631515503,0.4243743419647217,0.5503714680671692,-0.7190264463424683],"shapeName":"/levels/nationals/art/shapes/rocks/eca_rock_small_3.dae"}
{"class":"TSStatic","persistentId":"f31211af-9cb7-41b1-a401-45b7026e7082","__parent":"SimGroup_n","position":[3.273229598999023,0.986175537109375,-0.006587982177734375],"isRenderEnabled":false,"rotationMatrix":[-0.2843007147312164,-0.9565988183021545,0.06397521495819092,0.9587363004684448,-0.2836671471595764,0.01897102221846581,3.404153758879147e-08,0.06672878563404083,0.9977712035179138],"shapeName":"/levels/nationals/art/shapes/rocks/eca_rock_medium_1.dae"}
