{"name":"SimGroup_n","class":"SimGroup","persistentId":"000ae6de-175b-457e-a461-377fa91077a5","__parent":"MissionGroup","groupPosition":"91.230385 -395.978668 30.167736"}
{"name":"SimGroup_n","class":"SimGroup","persistentId":"000ae6de-175b-457e-a461-377fa91077a5","__parent":"MissionGroup","groupPosition":"91.230385 -395.978668 30.167736"}
{"class":"TSStatic","persistentId":"0dfc5be7-2d7a-468d-87e3-a93ce9ee39b9","__parent":"SimGroup_n","position":[-0.4573516845703125,-0.07269287109375,-0.2000789642333984],"decalType":"Visible Mesh","isRenderEnabled":false,"rotationMatrix":[-0.0631696879863739,-0.5740979909896851,-0.8163462281227112,-0.9976067543029785,0.01328196376562119,0.06785523146390915,-0.028112867847085,0.8186788558959961,-0.5735629796981812],"shapeName":"/levels/nationals/art/shapes/rocks/eca_rock_medium_1.dae"}
{"class":"TSStatic","persistentId":"7039672d-3995-4029-9394-80b2cd36cd26","__parent":"SimGroup_n","position":[2.44207763671875,0.433135986328125,-0.1667118072509766],"decalType":"Visible Mesh","isRenderEnabled":false,"rotationMatrix":[-0.169706791639328,0.9110035300254822,-0.3758618831634521,-0.975439727306366,-0.1009359359741211,0.1957786679267883,0.1404170840978622,0.3998555839061737,0.9057585597038269],"shapeName":"/levels/nationals/art/shapes/rocks/eca_rock_medium_1.dae"}
{"class":"TSStatic","persistentId":"74af0a70-1268-417f-b34e-7453e8fc3b8c","__parent":"SimGroup_n","position":[-1.111625671386719,-0.9083251953125,-0.3431968688964844],"decalType":"Visible Mesh","isRenderEnabled":false,"rotationMatrix":[0.1782205104827881,-0.9802514314651489,-0.08570072054862976,0.975327730178833,0.1875117123126984,-0.1165127530694008,0.1302816867828369,-0.06282132863998413,0.9894847869873047],"shapeName":"/levels/nationals/art/shapes/rocks/eca_rock_small.dae"}
{"class":"TSStatic","persistentId":"7fec945e-6b5a-413c-9e7e-d091f1b85018","__parent":"SimGroup_n","position":[-1.684700012207031,-0.503936767578125,-0.09392166137695313],"decalType":"Visible Mesh","isRenderEnabled":false,"rotationMatrix":[0.6348204016685486,-0.7460331320762634,0.2010911405086517,0.05739787966012955,0.3050724565982819,0.950597882270813,-0.7705249190330505,-0.5919167399406433,0.236486941576004],"shapeName":"/levels/nationals/art/shapes/rocks/eca_rock_small_4.dae"}
{"class":"TSStatic","persistentId":"98c12dee-0544-4cca-a58a-5b3372508a9f","__parent":"SimGroup_n","position":[-1.270851135253906,0.498260498046875,0.8857631683349609],"decalType":"Visible Mesh","isRenderEnabled":false,"rotationMatrix":[-0.9032015800476074,-0.2836291193962097,-0.3221514225006104,0.4055968523025513,-0.8095473051071167,-0.4244107007980347,-0.1404215842485428,-0.5139919519424438,0.8462233543395996],"shapeName":"/levels/nationals/art/shapes/rocks/eca_rock_small_3.dae"}
{"class":"TSStatic","persistentId":"b9e0657a-6095-4efa-9290-c7bae103e62f","__parent":"SimGroup_n","position":[0.6457748413085938,1.00164794921875,0.8199977874755859],"decalType":"Visible Mesh","isRenderEnabled":false,"rotationMatrix":[-0.03596173971891403,0.7987152338027954,-0.6006335616111755,0.9850718975067139,-0.07291355729103088,-0.1559388041496277,-0.168345034122467,-0.5972751379013062,-0.7841699123382568],"shapeName":"/levels/nationals/art/shapes/rocks/eca_rock_medium_2.dae"}
{"class":"TSStatic","persistentId":"f88fb249-5525-486b-9bd5-d12e05378a65","__parent":"SimGroup_n","position":[1.4366455078125,-0.44805908203125,-0.9018440246582031],"decalType":"Visible Mesh","isRenderEnabled":false,"rotationMatrix":[0.1593983471393585,-0.9682416319847107,0.1926142573356628,0.9795462489128113,0.1308498531579971,-0.1528639197349548,0.1228056848049164,0.2130408734083176,0.9692948460578918],"shapeName":"/levels/nationals/art/shapes/rocks/eca_rock_medium_2.dae"}
