{"name":"SimGroup_n","class":"SimGroup","persistentId":"4d2f5f21-40e0-4bda-85bc-28d54a329734","__parent":"MissionGroup","groupPosition":"67.206657 -413.262268 43.131527"}
{"name":"SimGroup_n","class":"SimGroup","persistentId":"4d2f5f21-40e0-4bda-85bc-28d54a329734","__parent":"MissionGroup","groupPosition":"67.206657 -413.262268 43.131527"}
{"class":"TSStatic","persistentId":"09aaddcf-ea1a-4042-a33e-c2a2af12c4b0","__parent":"SimGroup_n","position":[0.3634567260742188,-0.80120849609375,-0.8030433654785156],"isRenderEnabled":false,"rotationMatrix":[0.1108458787202835,0.9125503897666931,-0.3936591744422913,0.01468077767640352,0.3945530951023102,0.9187554717063904,0.9937293529510498,-0.1076193302869797,0.0303376317024231],"shapeName":"/levels/nationals/art/shapes/rocks/eca_rock_medium_2.dae"}
{"class":"TSStatic","persistentId":"57762bba-902a-4a4e-9961-4e566fe17234","__parent":"SimGroup_n","position":[0.5013809204101563,0.7105712890625,1.431983947753906],"isRenderEnabled":false,"rotationMatrix":[0.8657060861587524,0.4609894156455994,-0.1950442045927048,-0.04096459597349167,0.4535982012748718,0.8902646899223328,0.4988738298416138,-0.7627176642417908,0.4115670621395111],"shapeName":"/levels/nationals/art/shapes/rocks/eca_rock_medium_1.dae"}
{"class":"TSStatic","persistentId":"b42e4c9b-b294-4caa-85e8-897acc88b093","__parent":"SimGroup_n","position":[3.629150390625,0.358428955078125,-0.1463813781738281],"isRenderEnabled":false,"rotationMatrix":[1,0,0,0,0.4992433488368988,0.8664631247520447,0,-0.8664631247520447,0.4992433488368988],"shapeName":"/levels/nationals/art/shapes/rocks/eca_rock_big_wide.dae"}
{"class":"TSStatic","persistentId":"bb24096c-7da6-4b4f-a2ca-d6caa1bd4b27","__parent":"SimGroup_n","position":[-3.782810211181641,-0.287445068359375,0.0849151611328125],"isRenderEnabled":false,"rotationMatrix":[-0.9821808338165283,-0.1037064641714096,0.1567475348711014,-0.0990898385643959,-0.4229456782341003,-0.9007226824760437,0.1597058475017548,-0.900205671787262,0.4051308929920197],"shapeName":"/levels/nationals/art/shapes/rocks/eca_rock_big_wide.dae"}
{"class":"TSStatic","persistentId":"d2134c0e-04df-45a3-abfb-563ba23cac4b","__parent":"SimGroup_n","position":[-0.7111892700195313,0.019775390625,-0.5674629211425781],"isRenderEnabled":false,"rotationMatrix":[0.5435497164726257,-0.7586801052093506,0.3591013252735138,0.009667627513408661,0.4334487318992615,0.9011216759681702,-0.8393186926841736,-0.4863369166851044,0.2429371327161789],"shapeName":"/levels/nationals/art/shapes/rocks/eca_rock_big_narrow.dae"}
