{"name":"SimGroup_n","class":"SimGroup","persistentId":"bf936f3c-b540-4fcd-823e-8372f6835356","__parent":"MissionGroup","groupPosition":"53.077702 -413.383240 44.569279"}
{"name":"SimGroup_n","class":"SimGroup","persistentId":"bf936f3c-b540-4fcd-823e-8372f6835356","__parent":"MissionGroup","groupPosition":"53.077702 -413.383240 44.569279"}
{"class":"TSStatic","persistentId":"13c77fae-08fa-4a1f-9293-72903246c13e","__parent":"SimGroup_n","position":[-1.135787963867188,-1.946319580078125,-0.5054168701171875],"decalType":"Visible Mesh","isRenderEnabled":false,"rotationMatrix":[0.9407808184623718,-0.211414098739624,0.2650309503078461,0.02461162768304348,-0.7370962500572205,-0.6753423810005188,0.3381288647651672,0.641873836517334,-0.6882394552230835],"shapeName":"/levels/nationals/art/shapes/rocks/eca_rock_medium_1.dae"}
{"class":"TSStatic","persistentId":"1a732a29-3218-428f-b1bf-c67eaa96f01e","__parent":"SimGroup_n","position":[-0.4913787841796875,0.32861328125,-0.2487335205078125],"decalType":"Visible Mesh","isRenderEnabled":false,"rotationMatrix":[0.5108643174171448,-0.6569058895111084,0.5545180439949036,-0.3036307394504547,-0.7413524985313416,-0.5985075235366821,0.8042522668838501,0.1373853832483292,-0.5781848430633545],"shapeName":"/levels/nationals/art/shapes/rocks/eca_rock_big_narrow.dae"}
{"class":"TSStatic","persistentId":"27cf0249-c3d5-4d85-ac75-b5de6eea715d","__parent":"SimGroup_n","position":[2.786705017089844,-0.812255859375,-0.8897132873535156],"decalType":"Visible Mesh","isRenderEnabled":false,"rotationMatrix":[-0.970786452293396,0.02774892561137676,0.2383355349302292,0.1959722936153412,0.6648324728012085,0.7208278179168701,-0.1384509801864624,0.7464770078659058,-0.6508483290672302],"shapeName":"/levels/nationals/art/shapes/rocks/eca_rock_big_wide.dae"}
{"class":"TSStatic","persistentId":"9f6618a6-c2f0-4f49-ae56-58709203fe16","__parent":"SimGroup_n","position":[-2.389308929443359,0.434814453125,-0.37432861328125],"decalType":"Visible Mesh","isRenderEnabled":false,"rotationMatrix":[0.8658415079116821,0.04523269087076187,-0.4982631504535675,-0.3653460443019867,-0.6232361793518066,-0.6914489269256592,-0.3418106734752655,0.7807239294052124,-0.523097038269043],"shapeName":"/levels/nationals/art/shapes/rocks/eca_rock_big_narrow.dae"}
{"class":"TSStatic","persistentId":"ba0935c3-35de-43f5-8733-a922876c9ddc","__parent":"SimGroup_n","position":[1.709850311279297,1.1890869140625,0.9481124877929688],"decalType":"Visible Mesh","isRenderEnabled":false,"rotationMatrix":[-0.02854746580123901,0.233154222369194,0.9720236659049988,0.9909756779670715,-0.1208175346255302,0.05808468535542488,0.1309792995452881,0.9649088978767395,-0.2276008725166321],"shapeName":"/levels/nationals/art/shapes/rocks/eca_rock_medium_1.dae"}
{"class":"TSStatic","persistentId":"e4c6732a-f39d-41d6-996b-35f1f1540729","__parent":"SimGroup_n","position":[-4.777423858642578,-0.509857177734375,0.1155853271484375],"decalType":"Visible Mesh","isRenderEnabled":false,"rotationMatrix":[0.9897850155830383,-0.1372617483139038,0.03855879604816437,0.08073765784502029,0.7625176906585693,0.6419107913970947,-0.1175114139914513,-0.6322416067123413,0.7658087611198425],"shapeName":"/levels/nationals/art/shapes/rocks/eca_rock_big_wide.dae"}
{"class":"TSStatic","persistentId":"f0cebc62-68dd-4f40-ac14-665f88164c54","__parent":"SimGroup_n","position":[4.297336578369141,1.31597900390625,0.9544601440429688],"isRenderEnabled":false,"rotationMatrix":[-0.0403321273624897,-0.9870702028274536,0.1551150381565094,-0.9986818432807922,0.04474913328886032,0.02508714608848095,-0.0317046158015728,-0.1538988798856735,-0.9875766634941101],"shapeName":"/levels/nationals/art/shapes/rocks/eca_rock_medium_1.dae"}
